-230
-213
-108
-108
-229
-232
-233
-169
-96
-222
-236
-156
-206
-214
-274
-236
-231
-127
-106
-154
-108
-200
-227
-195
-153
-95
-217
-231
-176
-125
-234
-202
-226
-273
-124
18
9
-103
-128
-77
-75
34
-97
-177
-69
-32
-77
-117
-154
-122
-75
1
-124
-102
-139
-96
27
-88
-120
-9
-60
-126
-130
-100
-97
-4
-101
-113
-90
-122
20
-113
-102
-50
-45
-139
-98
-139
-112
-29
-238
-211
-251
-99
-233
-243
-172
-113
-260
-219
-258
-231
-103
-235
-184
-113
-216
-238
-238
-159
-224
-229
-250
-241
-141
-225
-108
-230
-226
-174
-132
-206
-198
-196
-220
-144
-92
-237
-276
-125
-112
-130
-235
-252
-216
-126
-90
-190
-16
-33
-116
-182
-113
-109
-31
-250
-236
-98
-226
-221
-243
-256
-143
-270
-121
-218
-221
-241
-272
-196
-89
-158
-189
-245
-179
-110
-141
-150
-176
-162
-92
-215
-252
-214
-107
-327
-220
-119
-296
-170
-141
-182
-158
-112
-238
-225
-233
-93
-136
-213
-258
-160
-215
-219
-284
-237
-306
-81
-54
-46
-162
-148
-181
-75
-16
-114
-183
-75
-108
-129
-251
-183
-219
-50
36
-102
-96
-146
16
25
-101
-81
43
-81
-154
-207
-78
-115
50
-89
-118
-119
-56
16
-104
-120
4
-102
-162
-160
-127
-115
39
-221
-225
-201
-139
-223
-239
-105
-207
-222
-321
-248
-247
-72
-249
-175
-106
-205
-230
-157
-214
-203
-287
-228
-228
-79
-195
-98
-226
-249
-101
-192
-223
-268
-244
-249
-64
-28
-150
-185
-27
-66
-106
-236
-166
-189
-29
-87
-125
30
-71
-85
-188
-100
-87
-1
-231
-144
-160
-211
-281
-210
-215
-57
-168
-179
-219
-292
-211
-244
-96
-122
-85
-232
-165
-121
-31
-214
-250
-219
-225
-54
-267
-227
-254
-70
-352
-296
-119
-288
-121
-111
-45
-29
-106
-116
-105
-54
-7
-97
-168
-101
-92
-80
-171
-174
-232
-6
-38
-159
-157
-226
-62
-15
-149
-161
-63
-142
-170
-188
-143
-199
-2
-95
-133
-81
-41
32
-95
-107
-23
-77
-176
-89
-103
-167
31
-245
-196
-127
-102
-262
-237
-160
-134
-273
-209
-263
-299
-69
-198
-137
-67
-195
-217
-154
-187
-215
-229
-226
-309
-64
-110
-104
-196
-205
-145
-159
-212
-183
-220
-283
-67
-39
-118
-189
-67
-56
-84
-139
-167
-230
-27
-75
-218
4
-54
-83
-195
-112
-132
-13
-201
-153
-149
-246
-204
-191
-295
-70
-192
-164
-216
-245
-216
-318
-108
-122
-98
-199
-203
-212
-64
-172
-179
-204
-266
-63
-218
-217
-277
-80
-302
-304
-56
-358
-92
-176
114
48
34
-54
61
175
64
-17
102
49
27
-87
-10
2
106
-13
-12
-18
5
117
3
-33
77
11
-63
-42
-68
-70
96
-88
-76
-62
40
-89
-184
-23
27
-65
-156
-173
-152
5
-122
-61
52
-45
-153
-97
-129
-68
-126
-184
-132
-7
-66
19
-105
-149
-28
-41
-60
-156
-188
-138
-12
60
-49
-150
-2
-19
-4
-123
-149
-139
0
48
-69
147
92
69
-39
-28
29
60
-163
-57
31
-67
-103
-140
-141
-4
-123
-101
-143
-210
-221
-217
-56
1
-17
-130
-133
-68
-12
-68
-109
-139
-110
12
-148
-162
-129
-16
-251
-210
-18
-239
-139
-34
20
12
-72
12
161
31
33
145
16
-96
-10
26
34
142
-118
-156
-105
38
-115
-125
23
-45
-175
-176
-118
-100
56
-147
-61
36
-58
-90
-12
-104
-134
-139
-105
-79
87
-146
-47
-165
-153
-10
-143
-174
-159
-153
-152
55
82
-101
-84
53
-18
-71
-117
-63
-76
71
44
-18
181
35
22
-94
56
9
122
-101
-12
-9
-136
-148
-85
-103
53
-15
-38
-136
-144
-81
-94
60
70
37
-95
-37
23
117
-110
-167
-58
-54
38
-193
-117
-100
46
-191
-133
24
-160
-13
51
-164
-85
-87
27
-88
-130
19
-14
-197
-101
-126
-85
39
-141
-130
25
-107
-113
-20
-78
-155
-109
-145
-124
-1
-138
7
-95
-91
16
-66
-171
-95
-112
-91
19
52
-89
-146
40
-21
-64
-71
-87
-78
15
27
-29
166
63
-31
-12
20
33
106
-95
-36
-42
-178
-115
-113
-89
56
-55
-30
-154
-76
-102
-99
52
49
-39
-20
-34
20
101
-121
-87
-98
-105
43
-185
-167
-174
-11
-152
-98
50
-161
-31
5
-224
-289
-124
-220
-215
-228
-179
-245
-244
-265
-242
-95
-210
-105
-207
-208
-113
-107
-231
-212
-238
-192
-83
-120
-248
-279
-91
-68
-163
-214
-238
-255
-70
-107
-229
17
-11
-107
-169
-119
-93
-13
-252
-179
-106
-226
-226
-259
-241
-87
-197
-114
-245
-241
-251
-222
-88
-27
-100
-173
-226
-117
-30
-202
-168
-173
-159
-3
-221
-277
-225
-72
-295
-232
-62
-338
-109
-113
-201
-94
-207
-199
-130
-199
-215
-238
-238
-205
-111
-65
-187
-258
-134
-115
-173
-200
-216
-236
-100
-79
-148
-16
-83
-84
-155
-113
-118
-11
-214
-168
-108
-206
-199
-208
-201
-64
-186
-170
-206
-234
-230
-240
-73
-150
-151
-212
-201
-157
-106
-219
-251
-244
-271
-87
-199
-237
-215
-77
-319
-214
-86
-286
-177
-103
-89
-262
-234
-92
-143
-180
-214
-236
-222
-65
-122
-181
47
-52
-115
-130
-132
-109
-30
-242
-175
-127
-235
-224
-240
-212
-80
-176
-147
-192
-204
-224
-188
-87
-65
-109
-154
-169
-85
-24
-167
-190
-214
-217
-50
-217
-227
-219
-85
-268
-223
-41
-306
-144
-97
-99
-161
69
2
-4
-136
-68
-72
21
-280
-149
-93
-161
-243
-185
-238
-55
-152
-120
-187
-227
-210
-234
-107
-15
-7
-156
-154
-86
-18
-47
-149
-114
-148
-9
-154
-175
-152
-14
-273
-229
-55
-280
-112
-65
-168
-22
-9
-117
-166
-122
-120
-4
-92
-85
-158
-239
-120
-138
-100
64
63
-59
8
32
65
-53
-162
-67
-77
16
-154
-112
-115
3
-204
-165
-71
-169
-75
-40
-243
-69
-218
-248
-226
-248
-83
-58
-159
-206
-206
-159
-84
-138
-159
-144
-125
-26
-217
-223
-230
-85
-308
-211
-69
-282
-131
-101
-102
-143
-209
-217
-158
-88
-157
-151
-147
-166
-11
-213
-223
-236
-76
-296
-234
-26
-264
-107
-91
-77
-151
-138
-84
-25
-163
-148
-110
-24
-287
-185
-97
-235
-121
-47
-229
-222
-206
-65
-270
-210
-57
-289
-110
-69
-302
-228
-53
-292
-134
-128
-347
-186
-101
-214
