-121
-158
-215
-206
-119
-134
-151
-179
-181
-164
-207
-41
-185
-162
-72
-150
-172
-99
-16
-145
-82
-78
-12
-122
-45
-39
-21
-56
27
-35
-74
2
-44
-96
-3
-132
-98
-60
-59
-114
-82
-116
-33
-65
11
-45
-97
-7
-112
-52
-12
-204
-155
-190
-189
-145
-179
-108
-165
-49
-123
-199
-82
-154
-183
-89
-114
-122
-103
-130
-132
-53
-110
31
-124
-118
-23
-97
-94
-48
-110
-122
-147
-154
-34
-138
31
-76
-105
31
-136
-112
-27
-134
-111
-118
-38
-122
48
-132
-82
-14
-93
-98
-90
-97
-109
-73
-104
15
-110
-99
-45
-111
-85
-56
-110
-69
-120
-22
-67
-104
-53
-76
-92
-92
-55
-123
32
-83
-130
-32
-127
-107
-85
-56
47
-55
-102
4
-110
-69
-10
15
-100
-114
-46
-124
-107
-44
52
-29
47
-50
32
101
-48
-15
-59
-86
-52
-28
-103
-97
-38
-8
-63
4
-107
-103
-57
-113
-176
-196
-155
-133
-182
-197
-150
-144
-140
-100
-232
-226
-59
-191
-217
-91
-177
-178
-92
-148
-228
-237
-212
-140
-161
-78
-273
-221
-84
-228
-153
-80
-189
-162
-161
-270
-230
-201
-154
-197
-83
-206
-267
-93
-220
-194
-98
-205
-221
-209
-222
-218
-145
-210
-61
-273
-214
-72
-216
-208
-101
-188
-225
-231
-217
-133
-229
-86
-253
-194
-60
-239
-236
-90
-195
-226
-216
-110
-231
-86
-203
-197
-60
-249
-252
-115
-209
-228
-216
-228
-83
-322
-203
-88
-233
-223
-138
-232
-248
-245
-168
-281
-230
-155
-255
-229
-176
-152
-241
-93
-265
-225
-109
-257
-210
-173
-165
-118
-259
-218
-106
-253
-231
-73
-109
-303
-222
-108
-271
-281
-121
-132
-143
-53
-178
-135
14
-234
-157
-265
-245
-177
-89
-252
-227
-163
-120
-162
-52
-260
-130
-193
-114
-121
-71
-28
-123
-109
-72
-15
-45
3
-73
-143
-10
-90
-70
-9
-222
-208
-214
-248
-184
-160
-93
-160
-80
-200
-270
-106
-167
-241
-81
-178
-218
-249
-137
-128
-93
-156
-84
-173
-243
-102
-140
-194
-75
-149
-245
-161
-124
-102
-197
-82
-186
-178
-78
-130
-161
-31
-168
-100
-90
-23
-144
-34
-155
-169
-25
-110
-173
-50
-167
-153
-156
-166
-89
-220
-209
-113
-154
-189
-141
-80
-104
-106
-55
-81
-168
-115
-103
-154
-108
-17
-94
39
-77
-136
-19
-81
-124
-38
-16
5
-136
-150
-9
-109
-122
-5
18
-113
-175
-30
-85
-161
-26
-38
-137
-4
-28
-95
74
-157
-24
-79
-210
-88
-113
-166
-236
-120
-11
-123
-13
-139
-35
-145
-145
-152
-206
-262
-191
-214
-67
-170
-73
-198
-264
-83
-184
-133
-74
-126
-154
-180
-215
-218
-97
-135
-43
-195
-179
-64
-128
-75
-69
-123
-222
-157
-199
-35
-133
-47
-136
-153
16
-156
-83
13
-187
-141
-152
-16
-135
-53
-126
-178
-8
-160
-95
-7
-216
-214
-124
-201
-125
-217
-207
-107
-208
-167
-149
-223
-154
-223
-171
-196
-236
-136
-222
-143
-147
-67
-207
-72
-164
-228
-71
-183
-154
-114
-21
-32
-126
-127
-17
-128
-90
-8
-41
-117
-200
-44
-177
-88
-52
-76
-146
-11
-147
-36
13
-185
-44
-170
-137
-81
-89
-228
-147
-132
-85
-37
-14
-129
-119
-51
-234
-248
-276
-297
-227
-97
-208
-93
-198
-293
-70
-200
-199
-103
-233
-314
-222
-226
-70
-208
-76
-212
-279
-74
-201
-216
-101
-288
-240
-243
-128
-224
-82
-188
-297
-88
-221
-217
-124
-288
-294
-215
-274
-169
-267
-339
-211
-299
-245
-207
-237
-169
-227
-180
-228
-320
-197
-209
-214
-144
-108
-242
-112
-200
-318
-116
-207
-210
-158
-110
-10
-153
-202
-45
-162
-105
-44
-107
-208
-293
-105
-218
-199
-103
-96
-196
-62
-164
-117
47
-230
-71
-190
-198
-81
-186
-266
-297
-240
-64
-162
-36
-197
-140
-169
-273
-235
-285
-234
-68
-250
-97
-234
-240
-66
-280
-220
-161
-240
-300
-304
-100
-312
-152
-243
-268
-117
-260
-226
-169
-250
-268
-207
-222
-83
-306
-228
-125
-207
-189
-228
-267
-161
-265
-187
-226
-231
-187
-222
-205
-197
-110
-220
-86
-237
-253
-99
-223
-228
-209
-115
-65
-167
-177
-42
-135
-132
-59
-105
-253
-222
-82
-206
-208
-115
-72
-174
-22
-127
-89
14
-199
-77
-181
-202
-113
-106
-216
-209
-168
-67
-114
-61
-183
-158
-186
-253
-240
-222
-81
-230
-100
-198
-222
-54
-232
-210
-109
-235
-229
-176
-253
-111
-292
-217
-119
-250
-229
-230
-270
-177
-266
-173
-213
-226
-148
-211
-243
-179
-97
-226
-91
-214
-242
-111
-264
-209
-177
-118
7
-126
-159
20
-156
-158
-33
-105
-233
-244
-89
-244
-251
-132
-82
-163
-6
-158
-76
7
-199
-84
-218
-242
-112
-102
-235
-225
-128
-65
-103
31
-199
-132
-137
-258
-276
-200
-244
-101
-259
-204
-159
-235
-224
-214
-256
-173
-281
-224
-225
-226
-165
-241
-243
-145
-101
-241
-135
-225
-266
-74
-254
-255
-164
-115
-42
-144
-153
-28
-166
-177
-54
-150
-240
-212
-91
-232
-304
-134
-60
-158
-15
-125
-100
9
-185
-87
-207
-204
-110
-91
-224
-213
-179
-63
-145
-78
-229
-152
-171
-243
-206
-259
-169
-251
-199
-161
-210
-205
-180
-213
-237
-106
-241
-226
-161
-229
-216
-234
-183
-133
-243
-218
-117
-225
-213
-133
-101
-272
-225
-166
-236
-225
-171
-160
-155
-86
-163
-107
-61
-248
-170
-273
-275
-181
-159
-234
-203
-171
-116
-197
-97
-219
-208
-221
-161
-282
-167
-196
-240
-169
-225
-212
-227
-161
-148
-218
-217
-145
-224
-237
-154
-174
-223
-241
-183
-242
-240
-226
-147
-227
-146
-218
-160
-118
-209
-157
-181
-205
-163
-175
-229
-221
-234
-116
-193
-135
-205
-206
-193
-121
-11
-117
-183
-12
-135
-113
-55
-91
-207
-235
-108
-245
-221
-205
-80
-169
-12
-143
-111
-37
-201
-109
-175
-204
-130
-118
-225
-220
-229
-71
-156
-108
-190
-176
-201
-8
-160
-197
-26
-182
-126
-24
-64
-128
-15
-118
-83
15
-198
-102
-180
-229
-106
-101
-200
-224
-132
-69
-87
-11
-189
-107
-124
-90
-168
-49
-152
-84
29
-207
-86
-235
-224
-106
-114
-229
-236
-199
-91
-144
-59
-207
-207
-166
-135
-25
-111
-81
50
-89
-188
-170
-90
-66
-112
0
-143
-98
-40
-85
-173
-215
-138
-72
-149
-31
-176
-109
-142
-91
-151
-98
-211
-224
-212
-108
-25
-128
-186
