34
-89
6
-157
-82
-108
-71
-15
-142
-140
-123
-199
-112
-154
79
-118
-79
-62
-99
52
-107
-137
-174
-103
12
-147
-77
-72
-131
-56
-103
-25
-120
-113
-131
-77
-267
-249
-246
-281
-108
-251
-220
-204
-288
-220
-252
-98
-305
-236
-252
-128
-155
-78
-74
-28
-94
-118
-103
-152
-113
-141
-12
-47
-121
-62
-242
-231
-255
-85
-234
-234
-213
-257
-207
-233
-159
-236
-217
-318
-328
-271
-99
-267
-289
-202
-259
-263
-246
-121
-249
-283
-243
-280
-144
-213
-221
-201
-228
-199
-260
-158
-269
-212
-225
-81
-231
-278
-190
-206
-297
-232
-81
-275
-233
-239
-158
-98
-113
-149
-146
-111
-15
-144
-174
-97
-216
-238
-210
-231
-270
-201
-280
-242
-237
-203
-262
-232
-293
-142
-224
-264
-317
-181
-182
-219
-138
-227
-275
-191
-241
-284
-162
-240
-284
-209
-223
-132
-232
-200
-208
-95
-238
-221
-258
-89
-146
-139
-250
-276
-227
32
84
15
-6
-32
19
90
-7
0
46
-67
27
3
104
23
-38
38
12
-134
-84
-112
-108
-53
-122
-100
-151
-208
-151
-169
52
-105
-68
-85
-106
-53
-21
-22
14
-44
-114
-104
-183
-138
-96
46
-14
-60
-7
-123
-111
-145
-23
-151
-198
-199
-217
-185
-172
-20
-176
-112
-159
-104
-116
-12
-84
-203
-103
-147
-180
-118
26
-90
-153
-86
-100
-45
-137
-118
-106
-153
-122
-176
14
-117
-73
-78
-29
-129
-166
-147
-155
-216
-149
55
-112
-103
-89
-82
-112
-57
-121
-122
-75
64
-71
-47
-4
-178
-146
-214
-166
-159
-26
-124
-127
-123
-196
-244
-260
-236
-18
-149
-215
-219
-263
-227
-168
-21
-170
-173
-132
-285
-217
-103
-223
-162
-159
-174
-46
-160
-83
-132
-18
-156
-170
-141
74
-4
-3
-103
-109
-79
39
-83
-152
-185
-103
51
-89
-56
-71
-102
-88
-87
-18
-103
-148
-127
-40
-84
-17
20
87
45
-5
9
10
-20
0
72
34
-66
47
-197
-163
-111
32
-83
-92
-87
-102
-67
-94
-102
-89
-163
-123
-293
-174
-41
-141
-222
-104
-161
-220
-167
-132
-165
-258
-162
-189
-141
-152
-150
-136
-137
-157
-177
-166
-148
-200
-164
37
-135
-79
-85
-119
-125
-113
-43
-110
-166
-148
-1
-10
15
-2
-31
20
22
-16
-115
31
-79
-79
-89
-76
-98
-96
-100
-106
-110
-34
-80
-142
-164
-66
-68
-177
-159
-85
-79
-91
-48
-87
-186
-78
-84
-113
-36
-132
-189
-122
-89
-106
-106
-106
-89
-57
-103
-129
-81
-32
-158
-104
-184
-98
-147
-101
-143
-83
-76
39
-64
-109
-122
-206
-130
-120
-5
-63
-131
-67
-190
-225
-262
-87
-223
-208
-225
-236
-190
-219
-151
-234
-213
-295
-295
-271
-50
-208
-322
-195
-254
-291
-240
-139
-235
-285
-275
-255
-173
-212
-214
-226
-252
-232
-241
-161
-277
-206
-257
-137
-261
-213
-204
-262
-258
-244
-99
-262
-220
-236
-101
-120
-130
-136
-116
-104
-24
-107
-151
-86
-184
-190
-212
-176
-228
-143
-214
-174
-219
-201
-259
-270
-264
-142
-229
-242
-284
-254
-215
-216
-130
-233
-270
-217
-218
-304
-179
-274
-253
-255
-219
-162
-237
-186
-217
-104
-232
-223
-225
-72
-139
-172
-225
-245
-218
-222
-148
-145
-80
-97
-160
-211
-242
-176
-193
-126
-121
-205
-175
-171
-149
-114
-128
-248
-200
-249
-284
-220
-118
-147
-236
-143
-79
-31
-82
-119
-131
-138
-153
-156
-37
-44
-137
-78
-33
-91
-148
-143
-192
-145
-142
-3
-75
-142
-86
-41
-105
-129
-137
-184
-106
-38
-73
-128
-15
-157
-144
-173
-127
-145
-71
-84
-129
-85
-211
-214
-249
-250
-97
-110
-210
-181
-264
-194
-221
-111
-130
-232
-134
-221
-267
-142
-181
-261
-155
-197
-129
-134
-189
-158
-68
-133
-173
-141
25
-131
-42
-139
-60
-82
-269
-231
-99
-201
-293
-198
-219
-271
-227
-174
-240
-301
-275
-252
-113
-219
-204
-226
-222
-220
-249
-204
-247
-222
-290
-111
-240
-248
-230
-255
-231
-246
-157
-241
-282
-313
-98
-129
-122
-135
-106
-102
-77
-138
-149
-130
-200
-194
-225
-211
-214
-191
-206
-212
-338
-216
-249
-239
-287
-167
-219
-249
-364
-209
-203
-214
-186
-222
-286
-299
-228
-275
-245
-242
-252
-318
-209
-224
-201
-191
-275
-172
-229
-242
-262
-142
-223
-235
-222
-341
-294
-313
-189
-270
-326
-283
-244
-307
-277
-249
-302
-305
-245
-117
-228
-306
-233
-273
-359
-281
-153
-241
-299
-248
-164
-222
-136
-160
-233
-108
-70
-150
-232
-90
-282
-212
-237
-274
-234
-182
-214
-274
-216
-282
-264
-386
-315
-231
-285
-384
-338
-218
-267
-214
-144
-225
-315
-201
-275
-262
-194
-219
-304
-224
-301
-258
-315
-323
-312
-139
-246
-261
-229
-110
-262
-183
-275
-251
-290
-194
-235
-255
-213
-232
-266
-251
-173
-251
-259
-257
-171
-191
-146
-190
-202
-177
-104
-177
-179
-146
-216
-210
-215
-221
-262
-209
-232
-199
-217
-195
-255
-299
-312
-162
-263
-286
-348
-212
-223
-239
-161
-241
-279
-205
-170
-249
-243
-243
-216
-243
-235
-225
-228
-200
-206
-184
-243
-237
-231
-111
-176
-232
-223
-252
-208
-166
-160
-154
-188
-197
-121
-18
-155
-180
-98
-224
-236
-209
-253
-253
-164
-251
-232
-243
-214
-286
-331
-313
-125
-223
-300
-349
-236
-259
-236
-154
-231
-290
-210
-285
-237
-160
-230
-248
-239
-235
-186
-266
-225
-254
-117
-255
-231
-225
-85
-172
-159
-257
-232
-236
-207
-141
-202
-184
-156
-125
-165
-217
-160
-179
-175
-235
-191
-111
-167
-248
-195
-176
-173
-134
-87
-146
-259
-112
-191
-130
-121
-192
-201
-168
-177
-149
-175
-195
-155
-46
-157
-154
-98
-59
-159
-84
-168
-115
-153
-223
-211
-284
-293
-202
-208
-324
-322
-187
-212
-215
-162
-220
-280
-205
-161
-228
-210
-215
-222
-210
-230
-177
-243
-207
-202
-125
-231
-215
-252
-140
-184
-224
-222
-236
-229
-272
-283
-261
-158
-241
-323
-316
-269
-319
-170
-241
-313
-380
-348
-238
-289
-324
-368
-182
-331
-308
-375
-143
-219
-234
-292
-316
-337
-243
-272
-202
-221
-348
-210
-235
-181
-246
-258
-217
-120
-229
-266
-192
-150
-243
-199
-304
-242
-285
-201
-174
-234
-183
-215
-147
-293
-242
-257
-163
-194
-192
-257
-237
-297
-177
-228
-231
-211
-160
-173
-210
-229
-236
-242
-95
-173
-159
-247
-212
-232
-155
-144
-186
-239
