-136
25
12
-105
74
-35
19
23
-47
-7
-6
-51
15
-116
4
83
-55
-31
-81
-190
-192
-18
-142
-71
-63
-163
-101
-141
-167
-130
-167
-70
-21
-143
-54
-1
-147
74
-15
2
-30
-23
5
-8
-49
-48
-65
0
53
-92
-11
-138
57
-132
-77
-78
-105
-47
-105
-88
-125
-105
-53
-48
-155
-93
-84
-129
-120
-155
-141
-74
-167
-163
-193
-174
-65
-92
-134
-156
37
27
12
44
48
35
89
14
34
68
89
36
49
-63
-37
-62
-93
-107
-143
-100
-88
-59
-22
-86
-71
-10
-12
-18
-24
-81
-75
-79
18
45
-103
-44
-99
-13
-10
-58
-88
-83
32
64
-74
-41
-43
-83
-80
-103
-90
-18
-8
-40
-26
14
-45
-49
-46
-46
67
-75
-33
-96
-118
-97
-3
28
-103
-55
-131
-80
-42
-11
-102
-25
-116
-41
53
-82
-16
-34
-22
-77
-58
48
-40
-16
32
12
-113
-57
-222
-229
-119
-234
-47
-39
-237
-107
-198
-217
-142
-261
-106
-58
-232
-98
12
-104
8
-111
-7
6
-120
-7
46
-116
-42
-143
-1
41
-117
-9
-141
-19
-180
-52
-17
-178
-37
-69
-151
-80
-158
-62
-68
-172
-110
-135
-172
-119
-123
-221
-58
-115
-168
-179
-198
-41
-88
-196
-116
-105
-10
-8
-91
-9
-12
-103
-15
-71
-11
6
-67
-29
-135
-69
-196
-153
-123
-263
-151
-214
-140
-140
-242
-135
24
-118
-5
8
-133
-42
-127
3
3
-123
-43
-114
18
57
-125
-35
-91
108
50
-113
8
-93
-111
-213
-152
-234
-80
-103
-218
-79
44
-100
-16
-118
-20
7
-113
-16
-158
-45
-133
-16
33
-155
-45
-141
-273
-117
-109
-204
-108
-130
-22
23
-144
-48
-67
-96
-213
-148
4
-96
-38
-48
-22
-181
-120
-152
12
-81
-12
-13
-121
31
-51
-126
-94
-206
-38
48
-138
-33
-276
-151
-296
-211
-204
-307
-162
-326
-294
-317
-306
-175
-228
-365
-230
-178
-227
-161
-197
-250
-99
-215
-266
-236
-234
-107
-153
-236
-160
-60
-18
-14
-104
-31
-82
-93
-96
-101
-38
18
-100
-48
-158
-81
-220
-167
-225
-292
-218
-223
-180
-196
-236
-193
6
-91
-17
-116
-165
-149
-148
18
-40
-180
-31
-189
2
-87
-168
-130
-184
30
-20
-158
-60
-107
-194
-227
-252
-251
-108
-158
-215
-93
-46
-118
-97
-112
-43
-25
-161
-21
-243
-288
-240
-87
-122
-244
-117
-242
-227
-113
-167
-287
-107
-226
-90
-72
-236
-122
-96
-161
-209
-95
-52
-114
-29
-86
-36
-183
-167
-5
-125
-61
-48
-158
-19
-66
-131
-105
-189
-27
-39
-197
-83
-128
-150
-142
-144
-200
-52
-140
-181
-171
-201
-104
-95
-211
-120
-22
3
-50
-25
16
47
-23
-81
-52
-4
9
-63
-14
-85
-20
-104
-62
-67
-226
-104
-170
-78
-48
-174
-78
-6
-45
24
66
-107
-50
-128
26
13
-122
-3
-112
25
11
-151
-68
-121
92
18
-136
-68
-15
-92
-139
-163
-227
-43
-58
-181
-60
81
-46
-18
-61
20
48
-137
18
-173
-110
-148
24
46
-165
-6
-156
-218
-63
-83
-211
-85
-169
-46
28
-169
-47
-83
-88
-198
-113
-4
-101
-15
-48
10
-147
-148
-249
-200
-224
-218
-94
-215
-259
-244
-225
-99
-165
-272
-223
-119
-66
-104
-78
-46
-96
-116
-77
-104
-1
-53
-141
-104
-232
-177
-246
-183
-244
-334
-228
-241
-164
-222
-311
-217
-107
-156
-52
-88
-235
-211
-246
-90
-136
-303
-139
-217
-77
-111
-204
-218
-188
-20
-108
-254
-139
-100
-216
-193
-207
-226
-85
-189
-250
-157
-62
-85
-89
-107
-34
-99
-230
-103
-197
-210
-244
-83
-160
-334
-180
-199
-207
-104
-186
-342
-139
-220
-94
-152
-286
-149
-108
-233
-255
-170
-87
-177
-115
-231
-169
-276
-162
-150
-143
-138
-76
-149
-124
-179
-163
-88
-123
-177
-146
-237
-190
-231
-169
-199
-309
-225
-216
-173
-203
-227
-224
-154
-137
-73
-128
-191
-231
-193
-57
-144
-237
-136
-230
-99
-187
-206
-231
-205
-60
-112
-225
-176
-94
-208
-224
-227
-216
-86
-143
-198
-164
-29
-113
-101
-93
-46
-54
-146
-44
-246
-214
-215
-89
-128
-224
-166
-255
-228
-117
-164
-247
-133
-208
-108
-156
-223
-161
-94
-201
-191
-152
-75
-99
-67
-141
-132
-189
-89
-29
-85
-114
-55
-159
-111
-95
-64
-93
-86
-109
0
-41
-7
4
-61
-115
-89
14
0
-69
-19
-88
-4
-20
-67
-90
-84
53
10
-85
-34
-20
-104
-91
-116
-147
-49
-41
-56
-35
25
-37
-25
-39
-19
-13
-71
-8
-119
-69
-88
-27
-20
-106
-39
-89
-117
-23
-57
-92
-36
-101
-43
-33
-77
-30
-47
-37
-39
-24
-2
-48
-35
-36
-3
-103
-50
-122
-139
-97
-288
-174
-234
-141
-124
-232
-146
-138
-79
-71
-228
-135
-146
-31
-67
-175
-70
-145
-231
-297
-263
-241
-177
-180
-205
-122
-98
-240
-161
-189
-148
-140
-238
-129
-337
-238
-199
-125
-140
-222
-146
-329
-299
-255
-251
-293
-211
-216
-159
-164
-196
-162
-170
-232
-221
-161
-137
-198
-133
-146
-141
-249
-96
-1
44
-110
-97
-114
105
0
-111
-2
-12
-62
-125
-145
-143
27
-43
-149
-4
72
-67
-46
-85
8
-10
-138
-25
-149
-121
-125
19
33
-169
-19
-174
-227
-60
-140
-257
-112
-176
-74
-74
-261
-74
-44
-134
-191
-171
2
-98
-6
-77
-10
-140
-69
-122
-168
-225
-204
-5
-91
-197
-79
47
-56
-65
-58
84
46
-166
-20
-163
-172
-154
58
12
-213
-58
-226
-190
-13
-94
-220
-119
-230
-24
-89
-217
-120
12
-119
-172
-118
66
-28
40
-86
-12
-142
-21
-80
-81
-144
-35
-47
-134
9
-221
-210
-220
-93
-153
-199
-90
-230
-203
-81
-161
-201
-95
-241
-86
-160
-195
-87
-97
-199
-207
-109
-81
-97
-52
-136
-52
-146
-46
-42
-61
49
79
-119
20
-77
-94
-29
-65
-184
-1
-100
-28
13
-174
-41
-36
-67
-102
-99
-11
-51
-15
-61
-25
-139
-196
-208
-93
-161
-333
-89
-234
-86
-103
-255
-95
-101
-152
-231
-116
-57
-87
-37
-110
-36
-218
-222
-95
-141
-286
-101
-103
-188
-224
-107
-84
-118
-52
-198
-92
-201
-94
-132
-185
-120
-49
-106
-53
-86
-33
-183
-69
-88
-46
-135
-124
-139
-17
-57
-89
-107
