-257
-272
-217
-126
-203
-239
-155
-209
-130
-268
-83
-104
-211
-99
-259
-264
-84
-76
-255
-222
-42
-277
-271
-216
-223
-188
-200
-173
-168
-219
-83
-250
-223
-95
-118
-220
-113
-214
-232
-148
-235
-177
-232
-165
-163
-230
-117
-256
-263
-111
-144
-69
-234
-208
-131
-228
-166
-216
-152
-95
-203
-84
-216
-216
-78
-92
-95
-65
8
-136
-27
-171
8
1
-108
55
-101
-81
29
27
-228
-130
-202
-158
-224
-79
-102
-236
-133
-201
-211
-75
-110
-156
-254
-173
-223
-157
-167
-236
-95
-262
-199
-78
-82
-209
-60
-174
-44
-28
-112
-47
-164
-146
-81
-17
-173
-192
-86
-181
-209
-149
-241
-211
-82
-152
-187
-73
-59
-168
-120
-214
-224
-99
-127
-130
-213
-197
-133
-202
-240
-124
-129
-10
-87
-37
-196
-178
-22
5
-160
-40
-134
-172
-45
-30
-116
-247
-233
-86
-166
-156
-102
-30
-25
-238
-101
-169
-85
-90
-57
-248
-276
-104
-188
-315
-166
-223
-49
-242
-158
-198
-254
-80
-231
-220
-128
-81
-266
-174
-125
-222
-104
-254
-72
-255
-145
-171
-242
-129
-306
-248
-117
-118
-111
-204
-214
-75
-235
-76
-236
-166
-102
-235
-112
-230
-220
-103
-111
-71
-93
20
-218
27
-226
-38
-47
-152
-1
-163
-132
-75
-81
-151
29
-183
42
-176
-30
-49
-153
-24
-103
-168
-71
-29
-88
-305
-40
-197
-172
-148
-194
-98
-231
-225
-98
-41
-113
67
-125
29
-38
-69
-28
-119
-78
-12
95
-22
-235
-90
-166
-182
-172
-229
-216
-99
-165
-36
22
70
-65
17
-63
-122
-9
62
-140
-182
-226
-165
-227
-251
-146
-134
-28
-86
-24
-175
-157
-13
0
-154
-35
-103
-196
-36
-9
-100
-221
-198
-88
-119
-177
-77
-25
-24
-207
-120
-68
-135
-51
-29
-224
-89
-177
-287
-174
-239
-120
-248
-179
-280
-235
-108
-290
-221
-95
-91
-77
-294
-244
-160
-217
-110
-222
-196
-168
-259
-109
-268
-220
-97
-108
-143
-190
-52
-133
19
-142
-45
-82
-100
22
-156
-109
-12
-5
-278
-157
-263
-138
-213
-145
-236
-256
-144
-213
-256
-106
-136
-185
-323
-156
-281
-241
-250
-280
-168
-336
-288
-105
-195
-209
-47
-201
-121
-144
-190
-45
-172
-159
-100
-23
-112
-247
-178
-230
-174
-148
-240
-223
-111
-164
-106
-75
-51
-84
-54
-101
-150
-32
17
-196
-228
-224
-145
-226
-217
-163
-109
-128
-157
-77
-214
-205
-54
-19
-195
-113
-160
-227
-94
-76
-100
-284
-248
-107
-113
-121
-68
-17
8
-255
-105
-99
-119
-94
-1
-61
-180
-172
-59
-212
-80
-248
-178
-166
-243
-81
-216
-231
-101
-93
-62
-50
52
-153
41
-211
-60
-98
-144
31
-96
-85
-20
-23
-142
5
-165
-44
-173
-64
-115
-193
-28
-101
-166
-28
-42
-82
-252
-59
-184
-210
-204
-191
-55
-217
-211
-55
-110
-131
55
-184
-49
-65
-87
-25
-126
-85
-17
38
-103
-241
-129
-208
-197
-168
-189
-217
-58
-171
-147
-102
-19
-144
-46
-127
-167
-20
-31
-231
-265
-216
-144
-214
-272
-160
-195
-129
-175
-77
-237
-212
-25
-35
-250
-84
-198
-200
-98
-64
-115
-210
-226
-93
-152
-150
-89
-8
-32
-200
-125
-164
-108
-123
-30
-146
-78
30
-156
8
-170
-89
-46
-90
46
-105
-103
-22
-26
-210
-92
-241
-140
-242
-171
-131
-220
-144
-200
-279
-112
-164
-90
-279
-74
-192
-163
-136
-188
-50
-209
-214
-83
-73
-161
10
-166
-105
-44
-80
-26
-82
-115
-13
37
-119
-230
-169
-171
-217
-165
-240
-224
-98
-160
-123
-111
12
-115
-39
-92
-194
-27
-31
-218
-157
-235
-142
-226
-240
-164
-153
-76
-160
-74
-232
-232
-61
-61
-150
-41
-94
-176
-42
-57
-93
-202
-234
-61
-146
-150
-79
-24
-18
-215
-92
-81
-110
-110
-46
-96
41
-154
-5
-156
-54
-57
-130
-1
-65
-125
-50
-36
59
-226
24
-178
-99
-130
-79
61
-117
-76
-19
-34
-86
146
-129
102
21
16
142
17
30
38
103
-53
-256
-77
-139
-161
-70
-160
-151
-83
-130
-15
1
76
6
77
10
-60
60
83
-137
-161
-228
-68
-192
-187
-142
-140
8
0
81
-107
-95
17
26
-110
29
-62
-103
-14
-3
16
-107
-94
-23
-81
-55
41
75
92
-106
-20
-50
-44
-27
-26
-44
-250
-59
-177
-137
-150
-209
-82
-139
-199
-80
-98
-121
55
-143
2
-28
-78
9
-12
-74
0
48
-101
-224
-78
-173
-203
-154
-124
-243
-96
-153
-64
-37
38
-72
-31
-56
-130
-3
-23
-119
-146
-256
-147
-99
-194
-135
-119
-25
-83
-22
-90
-170
-7
-9
-145
-49
-82
-149
-40
-45
-130
-187
-225
-92
-136
-56
-114
-28
-25
-164
5
-45
-85
-80
-33
-192
29
-162
-44
-61
-120
8
-101
-100
-36
51
-106
-275
-192
-247
-254
-152
-269
-255
-139
-186
-63
-39
-11
-85
10
-122
-149
-17
6
-214
-245
-206
-106
-190
-205
-149
-110
-185
-181
-80
-194
-188
-34
-77
-247
-91
-132
-173
-97
-129
-90
-227
-224
-71
-137
-130
-80
0
5
-205
-80
-130
-64
-48
-19
-44
-218
-66
-114
-127
-115
-177
-119
-36
-88
-45
58
99
31
22
42
-34
83
153
-117
-113
-140
-104
-140
-133
-95
-80
20
-35
16
-66
-107
31
81
-90
5
-36
-100
-6
37
-37
-97
-122
-28
-3
-32
-23
21
111
-149
1
43
17
33
40
-106
-52
-42
-104
-64
-98
-171
1
-64
-169
-209
-207
-216
-209
-209
-169
-175
-65
-53
-61
-168
-169
-17
-47
-196
-144
-170
-235
-119
-139
-129
-212
-193
-89
-169
-218
-163
-38
-123
-220
-76
-139
-92
-124
-58
-98
-23
-101
-107
-115
-123
-60
-43
44
-44
-19
-116
-135
25
15
-25
27
26
-66
73
83
-46
-120
-161
-23
-47
-85
-81
19
-2
-193
-7
-28
-77
-80
-41
-134
-101
-123
-201
-192
-113
-97
-196
-126
-150
-198
-121
-120
-146
-217
-220
-143
-182
-161
-149
-78
-90
-213
-137
-155
-131
-135
-111
-59
-13
-77
-138
21
24
-34
-176
-196
-27
-13
-125
-103
20
24
-263
-49
-46
-79
-79
5
-80
-205
-265
-149
-140
-84
-136
-5
-8
-165
32
-60
-81
-69
-59
-152
-115
-23
-24
-217
-82
-159
-91
-140
-81
-169
-73
-95
-30
-11
11
-131
-84
-10
-36
