-224
-235
-80
-242
-127
-262
-226
-322
-123
-254
-259
-253
-255
-262
-79
-145
-252
-192
-154
-28
-161
-44
-149
-94
-169
36
-81
-178
-163
-114
-107
-14
-7
-123
-29
-146
-215
-191
-231
-218
-223
-101
-226
-221
-227
-200
-241
-82
-111
-238
-154
-137
-37
-156
-142
-182
-43
-144
-148
-165
-80
-168
-22
-53
-118
-55
-206
-231
-205
-351
-93
-204
-231
-227
-243
-248
-115
-179
-224
-154
-175
-163
-118
-63
-100
-205
-184
-150
-111
-52
-49
-154
-55
-256
-265
-122
-233
-286
-220
-275
-283
-67
-167
-269
-171
-235
-93
-211
-211
-220
-198
-230
-143
-162
-238
-146
-102
-275
-247
-254
-211
-245
-71
-115
-275
-106
-150
-123
-108
-103
-100
-22
15
-113
-35
-246
-215
-229
-216
-137
-158
-259
-141
-228
-249
-267
-75
-159
-262
-117
-225
-239
-142
-175
-241
-162
-228
-62
-94
-221
-131
-173
-107
-204
-189
-61
-160
-25
-144
-55
-169
-260
-87
-253
-105
-242
-195
-328
-9
-157
-249
-250
-192
-234
-84
-109
-257
-146
-152
-238
-177
-225
-228
-235
-123
-212
-220
-237
-250
-244
-100
-143
-235
-219
-166
-1
-112
-153
-146
13
-117
-139
-157
-100
-154
9
11
-110
-42
-199
-278
-245
-344
-136
-265
-226
-242
-251
-266
-141
-241
-250
-240
-119
-158
-118
-21
-106
-178
-170
-222
-124
-26
24
-220
-63
-303
-268
-130
-232
-254
-257
-286
-275
-76
-214
-295
-231
-248
-98
-212
-230
-242
-243
-221
-158
-172
-232
-182
-117
-261
-250
-255
-243
-264
-101
-140
-276
-150
-122
-75
-97
-94
-121
-8
51
-118
-16
-203
-219
-259
-251
-169
-141
-285
-185
-238
-211
-222
-93
-194
-228
-195
-219
-256
-166
-231
-231
-189
-242
-89
-118
-272
-144
-197
-160
-238
-230
-24
-205
-54
-158
-42
-240
-138
-244
-211
-254
-156
-206
-44
-143
-249
-194
-109
-169
-59
-82
-173
-155
-157
-69
-214
-73
-106
33
-88
-129
-138
-3
-139
-34
-45
-48
-31
-174
-232
-184
-311
-39
-163
-212
-227
-184
-164
-116
-153
-154
-164
-201
-145
-95
2
-93
-169
-162
-100
-77
-50
-42
-94
-72
-261
-226
-60
-206
-269
-245
-194
-231
-109
-158
-196
-174
-135
23
-100
-153
-186
-88
-109
-51
-116
-141
-103
-29
-99
-231
-250
-145
-192
-50
-112
-187
-70
-36
-39
-43
38
19
77
104
21
10
-156
-156
-103
-130
-44
-72
-100
-116
-216
-166
-192
-79
-129
-172
-149
-175
-231
-119
-152
-168
-149
-92
-46
-54
-97
-7
-111
-105
-104
-96
1
-66
-22
-13
-22
-101
-226
-151
-199
-188
-195
-66
-202
-173
-169
-104
-228
-45
-47
-125
-107
-223
-254
-246
-297
-114
-252
-242
-238
-181
-228
-105
-188
-240
-230
-253
-217
-144
-134
-223
-251
-247
-195
-161
-128
-131
-264
-160
-291
-232
-116
-212
-246
-232
-256
-222
-102
-161
-223
-180
-176
-98
-252
-201
-231
-211
-219
-155
-175
-223
-167
-74
-228
-212
-235
-182
-204
-52
-86
-212
-84
-174
-110
-104
-85
-106
20
26
-103
-99
-244
-230
-214
-241
-191
-174
-231
-171
-249
-217
-213
-95
-170
-207
-177
-211
-235
-124
-187
-241
-158
-211
-86
-107
-217
-105
-147
-119
-214
-208
-13
-157
-37
-76
-81
-202
-154
-217
-200
-324
-83
-196
-184
-231
-142
-195
-125
-158
-164
-144
-161
-136
-89
-23
-135
-121
-171
-69
-79
-29
-27
-70
-47
-268
-184
-74
-247
-193
-229
-163
-215
-127
-149
-179
-147
-226
-67
-207
-189
-212
-180
-233
-120
-133
-181
-140
-62
-203
-205
-216
-140
-216
-80
-75
-210
-59
-134
-97
-103
-31
-90
-5
38
-20
-36
-190
-217
-150
-196
-132
-145
-143
-122
-219
-99
-154
-66
-106
-153
-94
-130
-227
-153
-119
-155
-122
-182
-37
-35
-106
18
-118
-84
-145
-125
-8
-96
-21
-3
13
-80
-267
-243
-277
-95
-182
-224
-245
-243
-150
-148
-150
-222
-164
-297
-294
-111
-229
-230
-224
-238
-220
-163
-252
-236
-199
-318
-110
-239
-200
-244
-222
-234
-173
-213
-248
-200
-168
-296
-329
-306
-343
-352
-183
-273
-347
-197
-168
-105
-93
-106
-84
-64
-54
-115
-83
-231
-253
-253
-214
-172
-216
-214
-185
-239
-243
-208
-141
-245
-218
-224
-207
-231
-208
-235
-207
-216
-249
-148
-160
-219
-142
-165
-184
-217
-211
-134
-180
-136
-159
-148
-213
-293
-158
-84
-204
-249
-243
-220
-174
-107
-141
-208
-152
-128
-85
-195
-199
-210
-187
-161
-155
-154
-210
-135
-22
-141
-192
-161
-132
-92
-22
-51
-193
-35
-76
-121
-128
-98
-15
-17
6
-75
-68
-191
-192
-171
-113
-73
-129
-166
-88
-210
-193
-124
-78
-171
-175
-142
-262
-145
-196
-184
-193
-144
-161
-101
-115
-189
-69
-81
-38
-119
-88
-53
-163
-44
-40
-9
-157
-267
-166
-312
-296
-289
-296
-295
-203
-284
-295
-247
-76
-240
-247
-210
-203
-234
-77
-172
-238
-109
-148
-108
-104
-124
-88
2
-45
-93
-108
-247
-235
-242
-248
-198
-207
-196
-176
-240
-239
-252
-103
-262
-238
-166
-236
-249
-166
-231
-233
-182
-273
-109
-210
-230
-127
-158
-212
-222
-217
-102
-129
-76
-155
-124
-180
-90
-259
-210
-221
-205
-226
-116
-155
-267
-132
-175
-108
-115
-105
-104
-54
-38
-104
-85
-244
-232
-228
-244
-166
-244
-195
-204
-241
-205
-222
-153
-198
-241
-177
-228
-253
-231
-257
-221
-157
-217
-147
-170
-247
-147
-200
-185
-200
-204
-134
-201
-122
-167
-155
-220
-131
-103
-70
-88
-79
30
34
-105
-28
-237
-226
-240
-231
-122
-169
-285
-137
-219
-204
-231
-74
-175
-251
-135
-201
-278
-140
-187
-301
-102
-193
-43
-87
-239
-49
-148
-127
-256
-153
-10
-179
19
-109
-29
-169
-183
-157
-169
-167
-165
-97
-131
-161
-106
-102
-84
-17
-29
-85
-84
-100
-95
-89
-39
-84
-97
-121
-25
13
-88
-30
-91
25
-85
-90
21
-104
11
37
52
-95
-248
-235
-247
-130
-202
-214
-161
-220
-242
-184
-211
-210
-175
-269
-190
-161
-217
-139
-220
-176
-213
-191
-119
-268
-84
-120
-126
-153
-226
-254
-180
-219
-228
-166
-296
-73
-191
-219
-95
-130
-117
-207
-186
-52
-170
-42
-198
-123
-221
-235
-161
-209
-219
-138
-205
-200
-229
-178
-155
-178
-137
-199
-108
-170
-154
-101
-206
-129
-41
-168
-63
-119
-31
-134
-70
-201
-100
-112
-65
-180
-122
-3
-132
-36
