-210
-223
-239
-223
-87
-247
-251
-115
-169
-189
-237
-248
-176
-320
-240
-257
-272
-190
-260
-238
-182
-46
-218
-212
-76
-101
-210
-228
-201
-224
-292
-206
-224
-200
-229
-227
-224
-80
-224
-195
-78
-112
-121
-224
-222
-204
-274
-222
-181
-228
-142
-190
-72
-215
-216
-107
-132
-178
-236
-211
-168
-279
-221
-234
-248
-149
-51
-237
-236
-98
-103
-128
-145
-187
-90
-276
-153
-223
-230
-122
-95
-81
61
90
-17
-73
-19
-36
-172
-18
-77
-61
-44
-213
-158
-134
-137
-173
-200
-199
-285
-213
-196
-224
-200
-94
-103
-140
-246
-210
-190
-323
-206
-197
-220
-230
30
-53
-169
-146
-71
-192
-103
-164
-152
-90
-65
-81
-100
-60
-148
-105
-103
-113
-56
-174
-188
-126
-257
-189
-181
-237
-109
-213
-162
-282
-222
-265
-227
-210
-167
-275
-186
-266
-256
-204
-183
-162
-164
-207
-113
-322
-253
-290
-220
-191
-187
-133
-233
-167
-215
-265
-233
-138
-57
-210
-216
-54
-92
-114
-208
-204
-162
-236
-195
-222
-216
-169
-216
-149
-86
-260
-229
-81
-133
-80
-220
-232
-153
-205
-240
-225
-248
-105
-87
-63
-201
-210
-71
-131
-121
-245
-218
-70
-229
-188
-228
-210
-67
-63
-170
-192
-30
-55
-15
-102
-154
-13
-222
-129
-212
-216
-64
-73
-84
72
33
2
-81
-69
1
-142
-50
-77
-80
-44
-229
-147
-117
-68
-226
-222
-133
-235
-233
-255
-228
-185
-93
-104
-76
-218
-220
-84
-300
-213
-219
-262
-169
73
29
-135
-155
-11
-181
-130
-158
-167
-46
-62
-90
-116
-70
-167
-123
-149
-146
-88
-144
-145
3
-173
-165
-132
-156
-28
-219
-151
-270
-257
-281
-273
-183
-104
-243
-224
-281
-306
-170
-108
-164
-179
-240
-65
-326
-236
-259
-112
-221
-239
-120
-270
-186
-181
-297
-213
-113
-287
-268
-113
-116
-158
-250
-252
-208
-247
-248
-237
-242
-134
-201
-96
-268
-247
-125
-157
-174
-253
-232
-176
-236
-247
-269
-227
-171
-45
-226
-216
-53
-97
-104
-157
-230
-142
-216
-149
-199
-253
-129
-106
-39
76
84
-25
-71
-63
-56
-148
-62
-90
-66
-47
-212
-163
-116
-126
-226
-227
-231
-242
-224
-208
-214
-240
-52
-70
-132
-209
-204
-139
-242
-219
-201
-177
-177
14
-33
-164
-139
-84
-136
-86
-145
-158
-85
-67
-100
-122
-71
-125
-101
-107
-90
-63
-169
-204
-111
-200
-199
-199
-190
-105
-229
-184
-232
-218
-280
-213
-180
-197
-238
-201
-287
-232
-180
-152
-221
-173
-229
-144
-297
-228
-233
-146
-202
-201
-164
-243
-180
-228
-170
-92
-242
-210
-93
-132
-131
-220
-210
-148
-222
-199
-247
-219
-69
-119
-220
-256
-69
-85
-81
-161
-178
-130
-263
-162
-181
-254
-58
-131
-85
45
7
-26
-118
-89
-62
-145
-80
-64
-75
-34
-251
-187
-118
-75
-259
-227
-179
-200
-229
-238
-274
-158
-85
-126
-56
-224
-213
-173
-279
-223
-180
-215
-209
29
-8
-170
-92
-34
-148
-88
-96
-159
-3
-57
-106
-98
-66
-121
-109
-71
-95
15
-142
-113
-46
-142
-140
-88
-143
9
-224
-227
-208
-206
-274
-230
-164
-158
-215
-180
-219
-263
-107
-134
-168
-147
-207
-89
-255
-203
-229
-80
-207
-235
-99
-225
-111
-159
-84
-158
-137
-58
-23
-26
-69
-126
2
-172
-63
-158
-195
-31
-91
-90
40
43
-68
-97
-62
-11
-134
-84
-100
-84
-42
-211
-153
-107
-95
-230
-222
-112
-216
-219
-241
-227
-172
-85
-124
-112
-212
-210
-65
-282
-176
-231
-221
-162
5
-49
-164
-159
25
-153
-74
-187
-179
-12
-62
-124
-73
-29
-138
-88
-90
-97
-34
-151
-175
-13
-220
-179
-177
-196
-77
-231
-139
-223
-211
-276
-214
-165
-125
-201
-221
-280
-248
-94
-68
-100
-127
-205
-16
-283
-234
-229
-73
-227
-217
-91
-246
-162
-165
-72
-84
24
46
24
-1
-55
17
-119
-17
-67
-99
-9
-231
-138
-84
-88
-166
-219
-124
-201
-171
-215
-200
-133
-51
-114
-67
-155
-178
-40
-262
-104
-214
-219
-128
57
18
-74
-159
25
-138
-33
-134
-171
-15
3
-37
-95
-52
-80
-34
-78
-115
-9
-30
-92
29
-134
-36
-105
-122
23
-183
-86
-150
-80
-220
-188
-57
-99
-236
-146
-231
-256
-115
-90
-49
-87
-164
-47
-188
-186
-256
-107
-152
-153
-42
-205
-134
-139
-78
10
52
9
-60
-51
-81
-102
-72
-85
-74
-44
61
37
10
-78
-48
43
-184
-50
-71
-72
-89
156
66
-30
-9
59
-80
60
-17
-22
67
62
32
52
75
-15
37
25
40
75
-45
-31
12
-117
-24
-26
-29
20
-85
-25
-124
-72
-113
-98
-52
-23
-118
1
-94
-114
-48
-66
-5
-74
-117
23
-153
-101
-160
-79
-74
-66
23
-83
-52
-93
-127
-81
-74
-212
-235
-108
-259
-210
-200
-251
-201
-58
-77
-197
-182
-102
-188
-129
-249
-208
-127
-43
-101
-93
-78
-68
-112
-93
-104
-83
-131
-106
-26
-136
-175
-126
-112
-85
-206
-167
-223
-214
-273
-235
-188
-162
-216
-183
-250
-278
-236
-141
-230
-212
-227
-132
-257
-202
-230
-169
-196
-199
-194
-235
-232
-235
36
10
-148
-97
17
-178
-44
-167
-136
-101
-34
-125
-102
-39
-156
-105
-95
-115
-81
-148
-111
8
-222
-149
-118
-134
-45
-216
-160
-275
-226
-263
-214
-219
-156
-281
-195
-270
-246
-217
-144
-147
-114
-183
-108
-347
-277
-306
-232
-189
-217
-133
-236
-224
-232
77
-53
-27
59
-32
31
-53
-51
43
-100
-111
29
-128
-99
-125
-127
22
-177
-124
-195
-127
-238
-229
-134
-81
-157
-157
-250
-230
-146
-36
-63
-96
-138
9
-180
-174
-208
-71
-125
-129
-33
-194
-144
-123
-67
-104
-10
-82
-115
-73
-65
2
-113
-109
-129
-116
-176
-164
-129
-115
-116
-110
-153
-145
-66
-40
-114
-75
-132
-10
-156
-97
-128
-17
-93
-99
-58
-122
-80
-110
-222
-99
-182
-163
-218
-184
-98
-90
-185
-213
-240
-227
-102
-84
-146
-90
-107
7
-252
-182
-200
-92
-175
-202
-89
-188
-94
-111
-185
-251
-227
-296
-267
-210
-127
-219
-220
-259
-144
-250
-235
-248
-157
-273
-195
-162
-247
-251
-212
-108
-162
-229
-207
-120
-237
-216
-263
-146
-250
-271
-140
-294
-236
-246
-216
-89
-178
-31
-163
-198
-115
-198
-121
-142
-229
-267
-168
-226
-160
-159
-190
-176
-176
-225
