-68
-76
-247
-194
-50
-242
-249
-121
-126
-210
-119
-239
-218
-230
-204
-216
-265
-200
-42
-61
-119
-21
-81
-91
15
1
-79
-40
-88
-85
-103
-123
-87
-58
-90
-62
-158
62
-66
-177
-32
-49
-82
-74
-165
-81
-100
-125
-104
-95
-67
-214
-64
-234
-250
-140
-112
-195
-107
-210
-260
-227
-228
-228
-197
-220
-158
-244
-254
-114
-87
-215
-197
-240
-192
-220
-289
-243
-264
-271
-82
-134
11
-28
-127
-25
-137
-145
-157
-83
-80
-89
-139
-262
-122
-102
-229
-161
-238
-279
-240
-255
-237
-222
-224
-123
-141
-243
-129
-258
-256
-251
-284
-271
-252
-243
23
-192
-8
-109
-168
-180
-133
-108
-87
-110
-104
-39
-83
-158
-95
-117
-97
-91
-91
-178
-225
-176
-289
-279
-221
-223
-211
-135
-101
-230
-194
-162
-129
-169
-283
-235
-251
-231
-206
-209
-198
-257
-206
-184
-211
-295
-230
-243
-232
-273
-322
-216
-260
-229
-314
7
-95
-125
-42
-65
-41
64
-18
-36
-29
-55
-118
-117
-92
-86
-51
-105
-50
-69
49
-122
-114
-6
-41
-93
-42
-124
-81
-137
-62
-132
-84
-77
-248
-47
-243
-187
-144
-123
-218
-79
-205
-206
-222
-162
-240
-257
-210
-126
-236
-228
-77
-119
-166
-131
-207
-191
-192
-179
-190
-211
-194
-66
-133
-9
-57
-124
-19
-129
-142
-160
-21
-80
-78
-127
-219
-61
-111
-179
-121
-228
-246
-265
-166
-278
-229
-241
-74
-135
-187
-71
-157
-242
-205
-161
-217
-252
-233
29
-107
52
-92
-107
-136
-53
-73
-97
-49
-89
-22
-81
-179
-104
-120
-98
-119
-146
-146
-182
-204
-271
-174
-225
-196
-188
-104
-98
-173
-90
-111
-101
-70
-268
-268
-168
-219
-182
-180
-220
-234
-197
-202
-214
-191
-268
-197
-219
-176
-193
-211
-220
-227
-273
18
-46
44
-9
-97
52
5
19
4
-72
7
-27
-64
-24
28
-3
-138
7
-83
-90
-10
1
-88
26
-50
-84
-109
-68
-52
-63
-85
-151
-150
-135
-28
-67
-127
-133
-170
-129
-160
-147
-136
-85
-159
-17
-105
23
-1
-115
6
-42
-100
-94
-61
-13
-15
-87
-65
58
4
-81
0
-76
-99
-100
-111
-123
-108
-103
51
-44
-83
-44
-58
-150
-69
-71
-79
-90
-49
116
-34
99
58
-15
-45
19
38
69
41
-13
44
11
-48
-43
-52
-5
35
-10
-92
-91
-95
-144
-107
-95
-51
-77
-35
3
-115
-78
-41
49
-37
-123
-85
-98
-86
-61
-90
-119
-80
-91
-40
-58
-126
-104
-78
-103
-85
-140
-96
-85
-90
-123
-95
54
-73
-87
-42
-27
-85
-13
-109
-80
-123
-101
-105
-105
-70
17
-109
-148
4
-30
-55
-99
-178
-83
-111
-130
-98
-94
-111
35
-21
75
20
5
91
-41
1
-41
30
39
40
4
-135
-54
-67
-95
-26
-162
-103
-107
-139
-129
-81
-142
-26
-108
-150
-59
-172
-161
-140
-194
-155
-170
-131
63
-74
42
-46
-41
-49
-36
-9
-4
-47
-51
31
-74
-72
-40
-59
-3
-9
-41
-69
-118
-110
-140
-117
-120
-115
-70
-60
-13
-104
-34
-47
-41
20
-181
-123
-190
-154
-170
-177
-116
-125
-100
-98
-72
-158
-113
-125
-96
-118
-189
-106
-129
-108
-124
-135
-253
-212
-147
-119
-190
-133
-203
-198
-241
-223
-218
-218
-204
-68
-131
-46
-56
-150
12
-93
-137
-168
-92
-80
-84
-149
-220
-170
-143
-224
-72
-222
-280
-252
-224
-239
-225
-235
-155
-153
-217
-76
-182
-223
-233
-232
-223
-245
-177
-71
-218
-24
-102
-165
-186
-140
-120
-150
-155
-134
2
-60
-148
-116
-160
-112
-109
-115
-144
-206
-226
-292
-204
-196
-207
-207
-64
-37
-190
-75
-88
-83
-77
-251
-218
-200
-175
-243
-192
-221
-219
-217
-206
-269
-234
-235
-289
-233
-257
-258
-223
-269
-218
-258
-157
-221
-63
-118
-189
-115
-232
-187
-201
-195
-166
-167
-194
-208
-137
-119
-208
-167
-235
-264
-244
-253
-284
-249
-245
-111
-114
-191
-183
-199
-260
-194
-224
-213
-199
-194
21
-147
3
-98
-101
-150
-118
-65
-73
-90
-127
-55
-87
-139
-83
-104
-134
-97
-91
-162
-223
-196
-269
-284
-226
-210
-210
-154
-130
-227
-239
-155
-157
-116
-281
-220
-232
-232
-215
-223
-216
-218
-198
-169
-145
-267
-221
-212
-235
-256
-333
-294
-249
-252
-329
-135
-10
-57
-148
-25
-132
-182
-177
-104
-84
-94
-184
-61
-142
-206
-46
-154
-245
-201
-100
-155
-200
-205
59
-152
70
-90
-139
-143
-27
-38
-64
-36
-138
32
-61
-149
-111
-83
-31
-56
-114
-111
-179
-193
-262
-178
-143
-128
-209
-33
-44
-129
3
-33
13
-56
-252
-223
-155
-141
-162
-142
-240
-169
-156
-134
-220
-218
-166
-176
-208
-101
-165
-155
-129
-140
-186
-124
-117
-209
-71
-224
-295
-250
-213
-224
-197
-194
12
-136
54
-109
-182
-197
-135
-136
-130
-122
-122
5
-93
-182
-106
-111
-113
-101
-82
-167
-263
-203
-318
-241
-234
-203
-257
-69
-157
-240
-82
-105
-71
-82
-364
-236
-222
-254
-217
-229
-270
-308
-273
-253
-294
-265
-265
-246
-258
-269
-305
-287
-232
-227
-262
-11
-161
25
-33
-166
-126
-90
-109
-114
-103
-132
-26
-101
-217
-96
-116
-123
-129
-111
-155
-178
-273
-313
-208
-232
-240
-203
-67
-125
-166
-94
-94
-103
-85
-294
-192
-226
-208
-229
-239
-272
-264
-268
-272
-262
-254
-253
-223
-227
-234
-264
-197
-253
-229
-247
-49
143
28
-61
-9
37
6
22
25
-110
-154
-174
-283
-202
-160
-164
-157
42
-9
-75
39
-15
48
40
-195
-112
-71
-82
-80
-70
-178
-144
-154
-137
-143
-230
-137
-152
-125
-103
-124
-96
-111
-97
-129
-65
-124
-195
-163
-95
-103
-120
-123
18
-45
-84
-3
16
47
6
-199
-96
-130
-90
-93
-114
-169
-196
-135
-115
-162
-143
-118
-92
-86
-145
-127
-91
-97
-104
-101
-143
-150
-260
-147
-168
-168
-159
-269
-251
-232
-216
-211
-208
-256
-203
-221
-224
-228
-342
-291
-289
-281
-250
-246
-227
-242
-226
-226
-129
-165
-95
-93
-76
-72
-154
-76
-92
-71
-93
-228
-204
-163
-170
-92
-112
-117
-107
-87
-105
-277
-289
-279
-259
-280
-230
-217
-223
-196
-266
-263
-259
-231
-215
-297
-268
-228
-227
-218
-259
-231
-238
-216
-216
-217
-232
-287
-232
-245
-231
-262
-313
-273
-340
-278
