-88
-4
-192
-111
-122
-53
-129
-51
-107
-52
-22
-101
-152
-103
-132
-11
-33
-120
-58
-210
-80
-75
-56
-172
-40
-107
-28
2
-80
-88
-85
-103
-82
-67
-90
-76
-22
-31
-5
-64
-1
-77
-4
-9
-28
-39
17
-43
-27
-21
15
-186
-216
-136
-222
-110
-174
-109
-64
-156
-225
-137
-144
-114
-109
-203
-93
-65
-180
-19
-88
-50
-12
-37
-113
-87
-110
-44
-57
-111
-41
-138
-12
-93
-14
10
-112
-101
-100
-95
-47
-31
-85
-104
-15
-66
-24
43
-36
-51
-41
-73
-33
-32
-63
-128
-182
-119
-104
-184
-175
-176
-198
-129
-140
-173
-60
-5
0
-22
-12
-64
-48
-20
44
-85
-46
12
-101
-97
-148
-176
-106
-129
-175
4
-22
-5
3
-84
47
-32
-121
-43
34
-75
-17
-6
55
-8
-97
-91
-106
-5
-47
-102
-138
-135
-16
-46
-112
-76
4
-22
-104
-43
-56
-125
50
-127
-39
-74
-231
-170
-234
-76
-223
-154
-221
-91
-52
-227
-223
-213
-205
-150
-115
-226
-83
-66
-99
-15
-80
-29
-155
12
-12
-79
-92
-85
-95
-7
-29
-78
-250
-312
-110
-253
-109
-241
-131
-92
-225
-255
-276
-283
-144
-119
-233
-236
-102
-272
-87
-197
-74
-60
-151
-274
-192
-245
-92
-70
-213
-109
-235
-105
-208
-97
-83
-207
-250
-229
-244
-124
-142
-233
-105
-31
-154
-5
36
-82
-141
-95
-117
-38
-48
-91
-94
-246
-104
-80
-227
-261
-234
-231
-187
-115
-233
-177
-38
-35
-74
-109
-173
-97
-51
23
-147
-115
-70
-219
-242
-257
-291
-150
-151
-300
-13
-112
-109
-144
-166
76
-45
-174
-54
-85
-191
-123
-8
54
-89
-226
-225
-230
-79
-125
-220
-256
-278
-127
-103
-249
-235
-87
-73
-282
-83
-111
-259
37
-171
-106
-83
-43
-57
-47
-116
-94
-191
-35
-1
-72
-112
-100
-95
-68
-58
-88
-180
-236
-100
-262
-219
-268
-152
-117
-227
-238
-203
-265
-140
-128
-215
-158
-37
-176
-69
-141
-26
-34
-99
-160
-138
-158
-65
-39
-166
-90
-252
-179
-216
-82
-107
-214
-209
-235
-224
-91
-134
-193
-113
-84
-153
-41
53
-59
-90
-87
-75
-9
-5
-85
-153
-248
-110
-83
-210
-281
-220
-219
-183
-103
-236
-196
-42
-128
-172
-173
-196
-128
-82
27
-241
-88
-78
-221
-221
-275
-256
-143
-145
-307
-18
-116
-99
-78
-161
39
-10
-154
-90
-116
-155
-74
-26
45
-72
-218
-214
-250
-112
-120
-253
-225
-246
-109
-121
-218
-218
-79
-57
-230
-90
-138
-219
41
-133
-105
-120
-97
-33
-85
-23
-152
-35
-29
-117
-139
-87
-83
-37
-27
-87
-104
2
-65
6
-115
9
-4
-33
-102
-100
-111
-21
-21
-84
-47
-73
-22
-162
-21
-7
-91
-118
-84
-95
-17
-55
-71
-37
27
-87
8
80
-17
-24
19
-38
0
0
-12
-39
-166
-28
4
-93
-102
-112
-101
-93
-43
-75
-119
-5
10
-20
-41
-54
-31
-6
67
-61
-27
-74
-182
-190
-227
-219
-131
-108
-255
16
-25
-13
-1
-70
71
12
-70
-26
-34
-62
-48
-5
65
-30
-133
-130
-96
-27
-29
-84
-135
-102
-22
-49
-91
-88
-25
-10
-93
-29
-41
-108
47
-59
-50
-213
-121
-220
-87
-220
-90
-87
-193
-295
-206
-211
-104
-83
-260
-108
-264
-115
-246
-119
-124
-252
-250
-257
-256
-108
-150
-228
-119
-41
-169
10
37
-98
-117
-103
-88
-44
-31
-109
-117
-236
-90
-61
-246
-289
-242
-197
-127
-94
-227
-136
-38
-21
-109
-138
-139
-98
-34
21
-198
-106
-88
-254
-226
-268
-272
-178
-154
-319
2
-133
-149
-59
-125
0
-33
-161
-98
-120
-168
-94
-7
31
-100
-247
-282
-233
-155
-153
-228
-262
-288
-115
-138
-210
-233
-84
-89
-223
-72
-83
-229
31
-173
-100
-101
-240
-74
-217
-106
-55
-164
-250
-250
-209
-116
-82
-230
-106
-29
-106
-3
59
-36
-60
-55
-120
-29
-8
-121
-113
-235
-128
-102
-200
-225
-259
-234
-166
-100
-227
-130
-15
-8
-44
-125
-145
-90
1
52
-134
-67
-66
-169
-237
-231
-258
-162
-127
-291
16
-50
-80
-83
-111
39
-20
-136
-24
-69
-148
-89
-5
45
-70
-188
-189
-167
-54
-36
-135
-293
-266
-99
-93
-283
-199
-124
-42
-206
-80
-73
-229
50
-144
-87
-95
-19
-163
-42
48
-97
-101
-128
-92
-31
-29
-115
-92
-212
-74
-68
-184
-242
-231
-238
-155
-94
-220
-169
-15
17
-102
-105
-180
-71
13
51
-160
-66
-82
-232
-205
-286
-302
-168
-195
-293
-22
-79
-121
-117
-161
38
-37
-163
-98
-127
-210
-105
-33
39
-89
-243
-232
-262
-132
-119
-228
-224
-267
-151
-127
-214
-252
-103
-139
-243
-115
-104
-227
11
-157
-145
-47
-132
-54
52
-107
-128
-110
-108
-69
-53
-106
-96
5
40
-13
-45
-98
-20
15
31
-109
-24
14
-164
-156
-175
-208
-132
-168
-214
84
-22
-51
9
-71
42
5
-94
36
29
-23
40
25
104
28
-98
-103
-100
-70
-14
-79
-108
-101
-64
-33
-96
-75
-34
-13
-97
-41
-22
-112
35
-86
-22
-130
-53
-26
-110
-126
-177
-102
-35
28
-180
-116
-128
-256
-250
-282
-322
-226
-167
-302
5
-113
-96
-118
-162
-41
-49
-156
-99
-87
-205
-116
-63
11
-82
-236
-242
-237
-190
-149
-247
-301
-262
-177
-134
-228
-238
-152
-105
-209
-165
-118
-283
-2
-214
-110
-83
-52
-149
-159
-251
-180
-104
-73
-279
-12
-23
-30
-58
-106
79
57
-176
-40
-19
-141
-47
16
80
-100
-82
-197
-60
-11
31
-139
-180
-92
-33
7
-178
-120
-38
-16
-192
-31
51
-189
119
-114
-8
24
-87
-71
-146
-192
-38
-112
-243
-110
-75
-183
-164
-116
-17
-137
-231
-306
-322
-196
-173
-348
-311
-303
-147
-154
-338
-323
-172
-213
-345
-207
-211
-395
-125
-294
-218
-49
-21
-82
-124
89
66
-83
-79
-101
-159
34
-19
-146
-137
-202
24
-25
-198
-113
38
-3
-160
-38
-61
-250
95
-82
-77
-122
-259
-95
-64
-4
-80
-220
-88
-18
42
-76
-189
-106
-25
-142
-61
39
-135
93
-62
27
-241
-237
-142
-134
-260
-233
-108
-69
-222
-89
-132
-223
32
-102
-70
-253
-108
-106
-232
-116
-106
-240
47
-161
-91
-106
-73
-240
22
-170
-81
25
-185
-120
-32
