-237
-231
-247
-229
-229
-235
-168
-246
-221
-226
-152
-183
-224
-226
-216
-216
-218
-200
-216
-187
-247
-238
-242
-108
-224
-248
-149
-199
-239
-236
-244
-176
-214
-236
-146
-196
-214
-201
-217
-166
-213
-209
-151
-166
-193
-231
-204
-202
-203
-206
-195
-244
-189
-170
-141
-159
-187
-149
-155
-224
-177
-227
-137
-224
-266
-177
-179
-294
-178
-258
-251
-180
-212
-267
-242
-251
-223
-230
-240
-198
-242
-181
-201
-233
-165
-132
-258
-216
-221
-153
-217
-247
-135
-20
-267
-239
-149
-181
-181
-303
-221
-163
-246
-245
-147
-112
-90
-101
-111
-140
-177
-109
-53
-180
-119
-114
-235
-131
-163
-191
-215
-219
-190
-226
-233
-165
-103
-110
-191
-215
-198
-122
-210
-216
-114
-122
-154
-211
-196
-119
-148
-189
-131
-156
-132
-225
-131
-133
-174
-151
-244
-228
-166
-251
-257
-180
-218
-136
-216
-235
-203
-198
-225
-286
-210
-195
-135
-63
-229
-192
-242
-235
-171
-254
-224
-268
-171
-273
-247
-147
-134
-145
-247
-229
-149
-208
-212
-106
-200
-290
-201
-261
-242
-234
-235
-167
-143
-116
-213
-208
-193
-211
-186
-131
-263
-160
-200
-173
-171
-150
-133
-83
-128
-185
-232
-132
-211
-225
-158
-219
-259
-304
-281
-223
-224
-178
-188
-239
-252
-244
-215
-234
-141
-290
-241
-225
-252
-120
-90
-179
-230
-202
-151
-210
-228
-111
-157
-261
-276
-170
-123
-109
-282
-288
-183
-236
-274
-108
-203
-175
-171
-113
-101
-216
-151
-140
-236
-168
-120
-288
-194
-90
-99
-326
-260
-196
-207
-240
-119
-117
-76
-104
-234
-208
-197
-199
-229
-102
-73
-87
-204
-199
-122
-137
-178
-79
-14
-106
-159
-73
-95
-101
-20
-173
-170
-78
-189
-179
-29
-231
-145
-237
-237
-194
-191
-230
-345
-144
-209
-142
-42
-257
-126
-165
-158
-239
-208
-246
-175
-214
-230
-94
-199
-135
-234
-202
-156
-199
-209
-167
-219
-92
-104
-63
-77
-83
-36
-65
-85
-96
-153
-35
-167
-164
-47
-268
-263
-184
-284
-282
-181
-236
-264
-277
-252
-169
-251
-264
-167
-250
-166
-207
-274
-93
-121
-241
-235
-239
-89
-216
-238
-117
-100
-255
-261
-127
-159
-194
-251
-271
-132
-270
-300
-91
-125
-149
-53
-110
-100
-183
-121
-49
-199
-114
-46
-221
-78
-148
-195
-227
-245
-95
-198
-232
-88
-83
-133
-221
-230
-213
-88
-209
-212
-112
-99
-99
-166
-159
-33
-88
-152
-16
-106
-175
-224
-111
-117
-151
-90
-251
-211
-84
-239
-233
-129
-218
-100
-226
-210
-173
-160
-212
-358
-158
-156
-91
21
-217
-107
-152
-242
-156
-137
-174
-140
-162
-76
-115
-132
-151
-176
-148
-184
-201
-165
-213
-319
-237
-295
-287
-151
-249
-220
-301
-266
-252
-247
-246
-248
-192
-220
-160
-218
-76
-142
-175
-221
-190
-148
-185
-187
-118
-123
-238
-242
-95
-134
-92
-251
-222
-189
-195
-233
-149
-158
-202
-104
-107
-101
-215
-159
-142
-228
-177
-145
-245
-102
-133
-111
-212
-224
-155
-185
-215
-150
-87
-134
-89
-254
-215
-166
-182
-201
-180
-51
-65
-164
-138
-75
-93
-118
-91
-76
-148
-176
-120
-147
-132
-122
-208
-170
-141
-175
-168
-86
-217
-142
-227
-229
-246
-182
-187
-256
-182
-241
-144
-80
-178
-150
-219
-118
-245
-175
-205
-223
-152
-132
-164
-183
-215
-127
-176
-197
-149
-115
-80
-93
-114
-32
-59
-89
-89
-135
-28
-120
-147
-88
22
-116
-142
-51
-22
-32
-106
-169
-37
-191
-166
-87
-67
-69
-29
-29
-72
-89
-137
-24
-138
-126
-89
-115
-25
-22
-48
-67
-147
-32
-158
-187
-88
-51
-29
-64
-100
-170
-38
-139
-152
-80
-9
-81
-74
-162
-36
-123
-140
-91
-15
-39
-120
-17
-52
-67
-59
-122
-167
-81
-184
-185
-73
-161
-32
-155
-156
-160
-143
-192
-260
-159
-141
-87
37
-188
-139
-161
-336
-190
-244
-281
-162
-125
-251
-221
-198
-142
-201
-192
-118
-163
-364
-334
-218
-191
-220
-266
-267
-228
-301
-315
-187
-214
-204
-134
-171
-159
-235
-125
-128
-239
-209
-129
-366
-166
-194
-170
-274
-253
-186
-233
-244
-184
-159
-176
-209
-274
-242
-174
-240
-279
-203
-117
-154
-202
-218
-122
-129
-203
-142
-154
-188
-228
-163
-133
-201
-140
-247
-244
-138
-201
-237
-165
-271
-152
-234
-244
-200
-227
-233
-272
-186
-189
-189
-48
-194
-145
-225
-149
-239
-346
-106
-102
-189
-262
-254
-100
-272
-302
-129
-201
-182
-90
-49
-155
-243
-190
-102
-213
-151
-127
-267
-100
-90
-200
-199
-218
-66
-178
-236
-84
-123
-113
-223
-235
-243
-88
-215
-244
-133
-3
-62
-166
-170
10
-68
-168
-58
-99
-95
-112
-38
-51
-118
-29
-255
-253
-132
-211
-215
-99
-218
-87
-223
-233
-174
-148
-200
-263
-171
-127
-94
32
-196
-101
-203
-89
-87
-26
78
-1
-143
-44
-6
-146
-55
-4
-306
-144
-118
-111
-323
-248
-159
-264
-328
-113
-113
-125
-166
-268
-246
-159
-283
-332
-132
36
-63
-194
-188
-42
-116
-193
-60
-3
-112
-154
4
-80
-118
0
-219
-146
-46
-180
-188
-46
-289
-101
-271
-287
-195
-203
-230
-313
-156
-242
-133
0
-345
-133
-222
-170
-52
-82
-83
-207
-156
-52
-177
-117
-31
-49
8
-72
-204
-100
-30
-152
-120
-11
-11
-37
-145
-99
-11
-82
-91
-50
-34
-73
-124
-14
-86
-13
-4
-172
-98
-39
-171
-125
-70
-187
-67
-253
-180
-160
-125
-146
-183
-105
-145
-46
17
-147
-108
-129
-128
-125
-137
-236
-234
-109
-261
-276
-131
-23
-10
-135
-189
-33
-143
-207
-49
-7
-104
-193
-9
-67
-101
3
-190
-161
-54
-182
-184
-81
-222
-119
-249
-257
-158
-193
-211
-360
-169
-196
-116
20
-252
-121
-156
25
-11
-166
-167
-33
-77
-150
-11
10
-109
-176
-27
-51
-95
-13
-211
-191
-57
-144
-193
-47
-227
-110
-202
-234
-168
-165
-195
-298
-150
-160
-99
33
-222
-108
-176
-15
-59
-123
-6
0
-54
-15
-152
-166
-30
-110
-139
-32
-215
-62
-174
-186
-167
-117
-162
-251
-135
-67
-60
-12
-126
-60
-163
-84
-125
-22
-74
-67
-26
-163
-52
-92
-91
-75
-143
-167
-196
-127
-82
-57
39
-51
-30
-89
-238
-129
-214
-242
-152
-170
-239
-297
-143
-162
-129
31
-240
-86
-160
-142
-220
-277
-215
-175
-101
-51
-221
-201
-247
-212
-194
-66
-314
-165
-258
-128
-54
-53
-185
