-47
-26
-43
-185
-160
-78
-26
-164
-178
-161
-36
-159
-26
14
-24
-201
-194
-102
-51
-134
-158
-165
-4
-123
-30
-15
-150
-94
-33
-26
-61
-67
-168
6
-19
-26
-148
-138
-37
8
-95
-151
-138
-21
-79
-20
-219
-130
-164
-262
-265
-240
-85
-148
-170
-183
-156
-173
-222
-179
-89
-131
-60
-15
-173
-177
-202
-29
-125
-9
-141
-154
-142
9
-114
-34
-209
-260
-130
-183
-149
-261
-94
-163
-90
-134
-177
-172
-2
-21
-17
4
-24
-170
-159
-91
-37
-159
-171
-163
-19
-174
-27
-18
-118
-103
-63
19
-79
-76
-127
-57
-78
0
-118
-132
-56
5
-63
-119
-99
-29
-141
-5
-234
-169
-160
-239
-247
-194
-64
-238
-167
-192
-125
-194
-223
-179
-71
-232
-74
-38
-166
-163
-141
-77
-215
-58
-94
-114
-106
21
-151
-19
-186
-247
-117
-206
-120
-278
-109
-240
-104
-130
-278
-167
-86
10
-95
-19
-178
-105
-102
9
-107
-136
-206
-27
-109
0
-154
-173
-109
-2
-113
-135
-150
-37
-180
-36
-241
-214
-222
-229
-317
-228
-119
-233
-156
-250
-154
-226
-243
-230
-135
-240
-118
-144
-274
-254
-243
-108
-246
-127
-118
-147
-169
15
-149
-15
-222
-250
-157
-240
-164
-284
-113
-235
-113
-111
-254
-214
-106
-31
-116
-125
-106
-52
4
-45
-56
-128
-64
-81
-10
-148
-146
-116
-147
-184
-247
-37
-159
-95
-103
-83
-102
-122
-166
-43
-109
-28
-74
-122
-111
-159
-22
-102
-55
-77
-78
-155
7
-97
-37
-127
-176
-65
-125
-80
-192
0
-122
-19
-134
-226
-190
-43
-22
-38
-228
-178
-120
-158
-274
-276
-81
-204
-122
-211
-132
-116
-224
-192
-91
-201
-87
-38
-106
-181
-160
-37
-156
-29
-93
-180
-112
-29
-133
-53
-176
-160
-71
-142
-78
-284
-103
-253
-64
-168
-220
-182
-103
-13
-72
-229
-233
-213
-250
-227
-108
-238
-167
-148
-203
-244
-249
-77
-264
-157
-218
-284
-204
-74
-189
-131
-245
-229
-117
-235
-245
-241
-114
-227
-184
-156
-263
-231
-82
-104
-112
-144
-273
-235
-213
-109
-238
-94
-180
-215
-183
-60
-188
-78
-228
-229
-127
-242
-122
-254
-113
-242
-97
-153
-266
-191
-95
-40
-116
-150
-173
-169
-37
-206
4
-252
-239
-161
-236
-161
-233
-93
-300
-141
-123
-238
-197
-107
-56
-116
-187
-170
-109
-202
-128
-260
-58
-271
-106
-132
-227
-157
-55
-20
-130
-238
-171
-242
-142
-181
-258
-268
-153
-115
-137
-162
-245
-237
-113
-44
-130
-155
-145
-241
-36
