-54
-72
-225
30
-126
-156
-71
-90
-123
-33
-76
-87
-148
-115
-139
-99
-72
-181
-32
-157
91
-63
-101
5
-31
-31
-2
-86
-37
-136
-50
-26
-36
57
-49
-152
44
-145
-132
-62
-76
-112
-36
-99
-95
-164
-120
-44
-91
-67
-97
-91
-168
-192
-144
-127
-203
-80
-212
-180
-251
-177
-88
-121
-148
-155
-94
-80
69
28
46
104
-23
50
-100
-41
-3
-14
67
-29
-264
-145
-86
-196
-99
-209
-208
-170
-156
-151
-152
-93
-201
-177
-144
-216
-134
-206
-176
-251
-192
-146
-141
-146
-223
-33
-8
-42
-66
-23
-149
-97
-75
-91
-36
-79
-21
-35
-24
-36
-63
-38
5
-41
-9
-95
-21
-101
-104
-166
-110
-59
-147
-30
-115
-107
-38
-84
-48
-13
-49
22
-41
-108
-168
-114
-53
-106
-78
-99
-128
-109
-30
-141
-58
-103
-176
-136
-147
-142
-203
-88
-141
-16
-124
-95
-31
-45
-60
-180
-61
-211
-258
-40
-118
-174
-131
-139
-194
-60
-201
-155
-203
-176
-146
-158
-53
-262
-255
-79
-226
-229
-231
-231
-233
-146
-191
-211
-218
-227
-161
-216
-203
-275
-180
-281
-251
-276
-249
-290
-127
-341
-298
-318
-278
-197
-268
-283
-361
-159
-160
-64
-101
-102
21
-166
-77
-164
-178
-117
-150
-82
-209
-265
-204
-154
-228
-106
-209
-286
-196
-214
-193
-209
-160
-310
-217
-207
-236
-118
-274
-224
-214
-237
-264
-215
-249
-333
-158
-149
-86
-167
-141
-180
-207
-189
-196
-150
-275
-137
-96
-153
-159
-158
-167
-136
-163
-136
-293
-59
-206
-228
-219
-238
-203
-221
-198
-313
-154
-76
-89
-110
-116
-146
-62
-168
-207
-207
-222
-143
-213
-228
-282
-219
-234
-174
-229
-190
-268
-220
-199
-224
-232
-349
-237
-232
-168
-313
-229
-152
-255
-153
-322
-248
-211
-24
-122
-157
-120
-135
-169
-114
-182
-147
-215
-190
-122
-180
-101
-251
-90
-131
-169
-178
-152
-158
-106
-276
-176
-268
-185
-69
-156
-119
-176
-26
-35
36
40
45
69
-85
17
-99
-47
-5
-7
82
-47
-102
-65
9
-80
-23
-134
-81
-114
-103
-120
-98
46
-172
-119
-66
-98
-22
-196
-98
-170
-114
-110
-90
-60
-195
-74
-56
-46
-103
-51
-164
-141
-72
-112
12
-116
-30
-27
-56
-26
-67
-48
-20
-38
25
-109
-33
-146
-92
-156
-114
-58
-99
31
-166
-141
-2
-64
-55
18
-55
58
-60
-181
-192
-157
-130
-175
-115
-179
-180
-111
-55
-119
-32
-148
-154
-160
-162
-51
-245
-111
-112
35
-165
-96
2
-97
17
-227
-87
-118
-168
-198
-192
-181
-197
-122
-290
-232
-300
-244
-104
-230
-230
-206
-170
-147
-67
-71
-97
0
-138
-98
-160
-172
-33
-135
-88
-144
-280
-204
-118
-217
-145
-216
-233
-223
-229
-166
-240
-185
-229
-205
-189
-242
-147
-221
-227
-239
-250
-153
-219
-209
-250
-168
-140
-150
-128
-170
-186
-226
-123
-217
-127
-202
-141
-135
-98
-167
-162
-164
-122
-165
-140
-155
-90
-206
-259
-241
-247
-118
-244
-148
-231
-191
-105
-163
-159
-102
-182
-84
-93
-218
-229
-227
-110
-224
-208
-214
-242
-253
-102
-258
-243
-217
-244
-151
-230
-217
-295
-174
-269
-168
-247
-162
-106
-105
-174
-290
-215
-153
-169
-119
-112
-185
-31
-256
-183
-264
-175
-56
-202
-136
-152
-261
-205
-114
-218
-95
-328
-236
-247
-217
-167
-214
-127
-207
-214
-209
-191
-91
-279
-234
-302
-222
-134
-202
-223
-276
-138
-191
-114
-221
-181
-260
-259
-106
-217
-166
-193
-148
-80
-193
-169
-196
-159
-62
-158
-178
-212
-87
-282
-257
-334
-227
-123
-226
-203
-220
-215
-76
-167
-84
-32
-155
-56
-65
-311
-322
-309
-185
-304
-309
-298
-306
-257
-119
-267
-219
-227
-253
-214
-295
-292
-317
-161
-249
-178
-221
-169
-83
-116
-191
-260
-208
-241
-148
-84
-161
-52
-259
-169
-198
-201
-144
-201
-87
-235
-152
-144
-171
-34
-223
-157
-230
-227
-128
-147
-144
-249
-6
-3
66
-71
-8
-155
-150
-47
-126
-9
-138
-17
42
-60
-48
-66
-64
-17
-46
-16
-107
62
-189
-83
-147
-174
-51
-172
-2
-154
-55
77
-35
-38
58
-37
71
43
-192
-211
-282
-68
-173
-125
-214
-163
-167
-38
-196
-61
-145
-191
-143
-211
-128
-265
-151
-236
-69
-217
-117
-14
-79
-50
-225
-147
-272
-203
-280
-190
-301
-350
-271
-247
-239
-242
-166
-350
-84
-156
-108
-186
-192
-174
-216
-164
-203
-94
-197
-81
-94
-101
-98
-92
-97
-81
-119
-8
-150
-128
-205
-286
-220
-265
-187
-221
-93
-200
-243
-145
-108
-155
-91
-167
-25
-110
-254
-233
-231
-180
-224
-162
-204
-229
-273
-164
-261
-173
-278
-207
-186
-214
-151
-274
-196
-240
-87
-228
-186
-68
-182
-100
-286
-161
-162
-188
-104
-188
-144
-237
-244
-164
-250
-183
-286
-169
-101
-184
-184
-176
-156
-111
-167
-151
-274
-83
-300
-220
-231
-239
-171
-211
-214
-302
-171
-88
-107
-102
-72
-156
-103
-146
-268
-263
-282
-234
-244
-251
-310
-231
-243
-176
-230
-193
-301
-230
-207
-208
-212
-320
-207
-215
-166
-299
-174
-130
-195
-101
-330
-269
-83
-85
-89
-54
-102
-132
-59
-117
-52
-192
-50
-95
-93
-186
-194
-66
-187
-12
-192
-104
-13
-135
-115
-49
-133
-24
-110
-97
-168
-184
-40
-182
-112
-154
-116
-182
-58
-223
-114
-164
-208
-190
-224
-129
-252
-181
-272
-116
-251
-151
-54
-91
-132
-294
-166
-27
-67
-116
-81
-105
-74
-95
-22
-171
-99
-30
-18
-51
-8
-81
15
-110
-92
-93
-81
-59
-103
-107
-146
-70
-97
-42
-102
-66
-169
-87
-92
-103
-70
-250
-101
-123
-10
-168
-62
7
-116
-48
-232
-134
-167
-111
-78
-85
-4
-187
-9
-65
-217
-217
-240
-151
-215
-188
-216
-279
-247
-100
-216
-158
-231
-210
-177
-227
-169
-305
-186
-248
-135
-240
-187
-27
-119
-109
-304
-193
-183
-155
-175
-59
-250
-109
-154
-96
-99
25
-177
-55
-75
-101
-110
-108
-57
-168
-83
-211
19
-91
-138
8
-5
-23
-181
-36
-249
-245
-108
-215
-249
-218
-228
-148
-223
-208
-280
-189
-252
-184
-227
-186
-92
-114
-176
-298
-189
-238
-224
-269
-215
-307
-170
-261
-179
-259
-161
-119
-111
-216
-329
-216
-199
-223
-123
-248
-195
-158
-209
-168
-371
-252
-230
-88
-185
-118
-325
-163
-104
-245
-70
-228
