-248
-298
-141
-224
-169
-240
-233
-289
-242
-140
-256
-215
-303
-285
-249
-263
-220
-77
-196
-88
-214
-95
-233
-185
-234
-319
-110
-213
-199
-212
-213
-212
-234
-220
-64
-86
-180
-96
-196
-149
-125
-234
-38
-177
-228
-100
-185
-194
-218
-165
-108
-96
-10
-162
-79
-108
-222
-53
-96
-116
-97
-104
-115
-180
-109
-24
-160
-223
-222
-269
-275
-129
-210
-213
-224
-275
-204
-225
-248
-138
-177
-127
-84
-168
-6
-53
-87
-144
-161
-118
-129
-114
-33
-226
-257
-336
-176
-209
-204
-216
-251
-220
-227
-236
-67
-219
-334
-153
-227
-209
-212
-222
-197
-223
-213
-89
-270
-113
-178
-277
-189
-169
-220
-244
-216
-110
-189
-278
-290
-244
-291
-280
-271
-254
-114
-90
-133
-132
-125
-128
-153
-123
16
-228
-234
-221
-216
-259
-229
-110
-213
-243
-254
-219
-250
-127
-227
-239
-256
-210
-101
-269
-235
-252
-82
-213
-231
-90
-245
-115
-79
-176
-120
-231
-183
-283
-200
-264
-274
-131
-261
-217
-250
-233
-240
-230
-223
-87
-149
-207
-144
-206
-153
-146
-238
-64
-208
-212
-212
-198
-225
-220
-198
-105
-110
-80
-176
-96
-95
-167
-39
-126
-98
-76
-163
-156
-133
-97
-44
-198
-238
-217
-239
-237
-96
-269
-204
-226
-226
-227
-231
-228
-124
-201
-212
-137
-188
-43
-177
-129
-215
-252
-175
-198
-111
-81
-213
-197
-265
-178
-250
-168
-168
-247
-262
-217
-217
-91
-217
-255
-125
-232
-222
-232
-204
-226
-214
-217
-153
-225
-93
-222
-210
-246
-184
-212
-222
-175
-136
-139
-247
-213
-172
-251
-238
-205
-178
-87
-118
-83
-155
-109
-93
-138
-93
-27
-249
-268
-256
-269
-261
-284
-208
-201
-215
-219
-191
-215
-128
-219
-239
-237
-234
-135
-270
-219
-207
-91
-241
-215
-99
-217
-125
-57
-14
-101
-29
-92
-34
-73
-205
1
-81
-104
-87
-94
-89
-182
-91
-36
-122
-36
-172
-73
-123
-214
-45
-138
-80
-95
-142
-114
-175
-91
-37
-145
-256
-216
-241
-302
-135
-211
-193
-214
-223
-217
-206
-221
-121
-142
-114
-115
-216
14
-116
-80
-166
-215
-106
-163
-95
-15
-191
-189
-325
-136
-225
-161
-224
-243
-263
-223
-226
-74
-216
-310
-132
-226
-191
-195
-243
-171
-249
-187
-126
-306
-110
-224
-164
-214
-188
-216
-239
-164
-72
-216
-338
-232
-292
-291
-303
-297
-247
-162
-87
-47
-165
-119
-146
-180
-129
-20
-226
-264
-237
-217
-235
-227
-178
-167
-224
-198
-201
-208
-61
-221
-239
-270
-194
-149
-226
-248
-230
-79
-223
-227
-76
-220
-142
-55
-48
15
-77
-4
3
-115
29
-9
-87
-6
-79
-27
-138
-83
-18
-64
-95
-111
-85
-172
7
-94
-158
-108
-106
-110
-171
-108
-56
-69
-65
-2
-119
139
41
-95
-98
-95
-41
-116
-35
-12
-86
-40
-182
-29
-62
-158
-87
-104
-83
-114
-84
10
-105
-213
-30
-61
-136
-100
-90
-139
-210
-76
-36
-133
28
-30
-140
-91
-43
-9
-125
-41
-6
-45
-144
-215
-135
-174
-204
-232
-113
-65
49
-34
-44
17
56
-82
42
99
-181
-64
-106
-138
-175
-77
-63
-151
-170
-164
-226
-167
-95
-98
-119
-172
-88
-40
-125
-169
-94
6
-121
-109
-32
-199
-107
-25
-60
-126
-88
-75
-205
-31
-84
-88
-102
-107
-98
-165
-109
-39
-122
-73
-7
-143
66
-37
-9
-53
-114
-65
-126
-18
3
-142
-158
-254
-138
-151
-148
-116
-170
-157
-234
-172
-108
-112
-209
-101
-85
-59
-93
-81
-132
-233
-88
-61
-143
-17
-38
-62
-108
-46
-45
-131
-46
-17
-123
-130
-183
-162
-175
-196
-238
-132
-92
-70
-34
-66
-59
-62
-146
-35
13
-129
-125
-158
-112
-186
-91
-110
-61
-99
-85
-152
-99
-27
-95
-106
-188
-101
-93
-136
-147
-112
-34
-160
-129
-27
-173
-127
-28
-209
-210
-118
-225
-42
-124
-156
-222
-205
-181
-216
-219
-113
-226
-178
-231
-111
-207
-173
-227
-235
-258
-160
-216
-76
-204
-295
-154
-244
-237
-236
-235
-217
-243
-225
-186
-222
-46
-159
-209
-222
-156
-163
-222
-168
-115
-171
-205
-224
-235
-237
-221
-203
-183
-100
-71
-99
-152
-118
-84
-170
-108
-21
-206
-216
-247
-284
-243
-246
-200
-225
-211
-237
-234
-223
-140
-237
-217
-309
-254
-173
-268
-231
-239
-100
-222
-267
-152
-240
-155
-127
-193
-126
-249
-62
-102
-135
-227
-190
-193
-210
-130
-64
-151
-296
-72
-105
-117
-204
-207
-192
-240
-146
-143
-131
35
-11
-109
-145
-77
-47
-152
-24
-65
-63
-172
-175
-191
-202
-197
-269
-113
-110
53
16
-112
-54
18
-49
6
33
-85
-152
-180
-117
-158
-129
-94
-122
-173
-115
-151
-103
-46
-259
-186
-248
-209
-135
-234
-218
-139
-71
-147
-123
-47
-194
-117
-14
-218
-317
-185
-214
-176
-236
-220
-206
-257
-223
-101
-252
-143
-115
-170
-180
-178
-110
-209
-146
-64
-227
-264
-250
-270
-290
-280
-267
-245
-100
-124
-148
-177
-144
-128
-203
-141
-55
-196
-223
-225
-238
-220
-204
-101
-185
-201
-209
-216
-190
-66
-220
-246
-274
-208
-91
-232
-213
-226
-75
-166
-257
-86
-198
-99
-54
-251
-122
-148
-201
-231
-147
-168
-289
-139
-104
-241
-292
-287
-293
-311
-296
-322
-275
-176
-139
-99
-229
-177
-153
-239
-116
-94
-199
-222
-243
-225
-296
-211
-231
-192
-225
-214
-268
-207
-146
-211
-232
-294
-232
-199
-278
-232
-218
-157
-267
-223
-192
-278
-210
-148
-145
-191
-243
-193
-198
-212
-233
-163
-84
-46
-64
-149
-51
-37
-142
-29
11
-209
-200
-164
-163
-150
-114
-80
-205
-158
-219
-259
-164
-124
-165
-209
-252
-151
-131
-114
-151
-98
-40
-137
-115
-50
-168
-117
-14
-139
-176
-221
-179
-172
-221
-112
-43
-222
-221
-235
-225
-233
-213
-156
-202
-256
-237
-239
-218
-131
-223
-214
-276
-201
-150
-263
-240
-218
-111
-206
-236
-111
-208
-140
-25
-94
-150
-111
-83
-169
-94
-80
-138
-137
-123
-129
-106
-35
-182
-193
-257
-151
-104
-96
-128
-100
-10
-151
-78
-8
-183
-107
-4
-222
-230
-266
-238
-219
-207
-237
-238
-300
-218
-179
-305
-261
-224
-156
-257
-234
-207
-218
-220
-158
-249
-191
-273
-194
-136
-236
-218
-236
-68
-223
-248
-112
-225
-160
-84
-239
-314
-209
-135
-266
-216
-152
-282
-220
-142
-219
-239
-105
-237
-119
-90
-236
-125
-90
-144
