-154
-132
-19
-11
-24
-29
-6
-131
-59
48
-185
-6
-31
-4
-153
-45
-9
-12
-266
-117
-129
-115
-93
-85
-226
-174
-88
-201
-141
-144
-54
-218
-154
-125
-185
-86
-130
-67
-89
-132
-217
-147
-95
-181
-91
-98
-46
-253
-146
-132
-154
46
-19
-23
45
-46
-14
56
-113
-3
1
19
-145
-7
-10
-62
10
-5
2
-84
22
49
-114
15
81
85
-75
-9
77
-23
-30
-3
-125
-48
62
-128
-1
65
-5
-99
-9
52
-24
-20
-61
-7
-12
-102
-15
-15
9
-143
-8
-33
-16
-52
-50
-47
-122
-22
-15
22
-129
42
49
-2
-141
-62
-231
-68
-57
-105
-242
-26
-127
-152
-28
-144
-30
-18
20
-182
-31
-1
-71
-122
13
82
48
-107
9
9
-19
-101
-63
-29
-200
-38
-116
-92
14
29
-127
-50
-8
-13
79
-70
8
65
14
-161
19
49
-7
-145
-94
-162
-9
-41
-56
-252
-103
-124
-126
-145
-83
-178
-194
-51
-248
-143
-178
-56
-209
-165
-100
-179
-84
-112
-109
-120
-115
-184
-162
-48
-210
-51
-109
-70
-248
-151
-109
-175
114
0
-35
56
-36
-24
131
-138
20
-18
1
-147
-28
0
-66
2
5
19
-47
15
160
-122
41
78
111
-61
3
94
-29
-24
-2
-130
-48
88
-179
3
18
-5
-124
-51
48
-60
-62
-55
-40
29
-136
-22
-52
-6
-159
-45
-30
-62
-6
-82
48
-145
15
-7
11
-157
45
63
-25
-106
4
-200
-21
-69
-45
-191
-29
-69
-139
32
-147
-35
-59
-45
-214
-18
-2
-110
-47
50
79
67
-43
39
20
15
-116
-81
-76
-236
-72
-154
-115
6
13
-122
-21
1
-15
39
-90
-28
36
-29
-123
0
70
13
-165
-77
-206
-36
-37
-59
-110
-196
-93
-123
-110
-218
-240
-113
-241
-189
-208
-88
-239
-252
-85
-221
-8
-41
-42
12
-88
-66
27
-142
-65
-115
-1
-155
-89
-29
-173
-53
-62
-39
-196
-135
-26
-212
-119
-81
22
-167
-138
7
-195
-47
-32
-166
-112
24
-169
-110
-48
-22
-81
-148
25
-90
-54
-113
-111
-53
-105
-85
-97
-12
-189
-124
-54
-117
-93
-169
-44
-165
-123
-90
-31
-177
-43
19
-132
-226
-83
-249
-155
-169
-129
-237
-175
-221
-260
-109
-220
-213
-190
-94
-325
-228
-95
-271
-159
-73
-34
39
-94
-74
-38
-108
-234
-190
-102
-228
-169
-181
-209
-175
-65
-198
-147
-116
-212
-56
-172
-151
-56
-224
-143
-56
-4
-80
-222
-94
-276
-159
-179
-149
-3
-47
-49
35
-68
-73
30
-173
-14
-48
-13
-154
-74
-50
-182
-24
-73
-66
-159
-158
-20
-183
-47
-15
-7
-134
-121
-18
-150
-12
-27
-167
-84
29
-166
-27
49
-14
-80
-96
37
-83
-41
-92
-68
-53
-91
13
-45
1
-161
-63
-26
-67
-80
-166
-36
-159
-44
-60
-11
-166
-32
30
-98
-215
-95
-204
-86
-85
-78
-244
-155
-169
-270
-68
-203
-98
-115
-67
-348
-162
-84
-209
-140
-6
40
22
-90
-53
-19
-102
-147
-95
-83
-207
-156
-190
-224
-28
-5
-184
-85
-38
-76
33
-93
-59
34
-131
-136
-55
48
-71
-239
-101
-222
-140
-164
-109
92
76
114
44
71
179
-16
101
155
133
-16
81
133
-31
-53
7
-69
-19
87
-121
-53
30
29
-56
-8
58
-91
74
-31
-32
33
-103
-8
-8
17
-164
-4
5
-53
31
-19
77
-68
33
78
63
-99
103
105
-31
-68
31
-138
-2
-1
1
-181
-21
-65
-167
49
-139
-19
-32
14
-184
-32
42
-167
-77
62
90
101
-22
82
66
-25
-102
-84
-57
-167
-47
-137
-141
-12
34
-126
-21
13
-76
32
-59
-6
52
-90
-106
18
74
-27
-121
-92
-208
-8
-61
-138
28
37
-60
32
114
-109
11
140
110
16
23
159
-61
16
-67
20
33
-35
24
38
110
-58
-7
69
-46
-31
-20
32
-114
22
38
71
-100
74
113
-51
-120
-2
-191
10
34
1
-82
-24
5
-137
63
-91
17
52
95
-136
5
85
-79
-35
70
184
189
48
86
118
47
-103
-12
4
-125
-38
-50
-135
82
85
-78
11
83
-9
213
79
83
192
17
8
82
189
67
-55
57
-79
59
-90
33
-45
-78
-37
23
-112
-21
35
-17
-88
-17
21
-30
-85
-48
55
-146
-12
31
-7
-99
33
85
-18
-187
-30
-233
-60
-15
-110
-146
-57
-41
-161
39
-166
-33
48
-13
-111
-13
7
-88
-59
77
172
97
36
66
122
30
-156
-44
-74
-155
-109
-88
-131
57
16
-93
-6
12
-35
99
50
58
155
34
-59
19
146
-16
-86
29
-84
44
-2
5
-9
-45
-2
-60
-18
-46
32
-178
24
32
-31
-126
-21
-96
-34
-37
-43
-141
-54
-49
-134
-8
-76
-6
-40
-11
-191
-47
16
-82
-52
10
13
58
-63
-3
15
-33
-43
-37
-10
-152
-20
-107
-70
-4
14
-144
-43
-19
-36
8
-87
-10
43
-53
-144
-10
55
2
-149
-80
-177
-28
-52
-49
-189
-18
-159
-19
-21
-5
-161
41
-9
-140
-62
-212
-107
-79
-55
-246
-46
-24
-189
-123
-8
33
73
-120
11
50
-92
-120
-104
-51
-214
-12
-68
-127
-28
9
-167
11
46
-31
35
-114
13
99
-73
-124
62
146
-15
-127
-34
-202
75
27
34
-86
-198
-86
-94
-121
-332
-90
-179
-223
-204
-12
47
14
-102
1
-97
-120
-142
-83
-129
-228
-77
-204
-235
15
-10
-179
-12
-65
-91
0
-106
-8
-4
-107
-174
-26
-46
-129
-153
-154
-246
-52
-106
-195
-116
-4
42
71
-145
-26
-18
-82
-135
-78
-49
-257
-81
-125
-199
-22
-7
-241
-36
5
-91
36
-187
-36
51
-128
-160
-17
77
-61
-250
-124
-324
13
-133
-103
-103
-2
-25
-103
-31
-154
-89
54
41
-68
5
0
-18
144
30
48
110
28
6
73
104
25
-65
-15
-89
-14
-35
-71
-78
-70
-175
-60
-150
-114
11
-88
-36
-23
-94
-140
15
13
-82
-162
-129
-200
-69
-87
-188
51
-90
-13
65
-47
-137
15
73
-5
-137
-89
-148
-34
-49
-43
-42
64
167
19
-71
32
-109
48
-15
18
-107
3
-137
73
10
14
-138
-184
-111
-73
