-85
-210
-265
-223
-177
-207
-255
-174
-147
-190
-201
-217
-222
-215
-82
-170
-218
-206
-88
-173
-156
-13
-104
-90
-82
-86
-154
-175
-137
-155
-86
-27
-74
-177
-82
-166
-165
-81
-161
-146
-162
-108
-204
-161
-198
-225
-156
-100
-105
-186
-232
-245
-143
-229
-168
-321
-213
-219
-239
-212
-199
-210
-126
-193
-241
-220
-90
-230
-175
-184
-190
-287
-219
-207
-232
-223
-109
-187
-212
-212
-146
-108
-66
-110
-150
-157
-93
-90
-93
7
-51
-96
-142
-136
-235
-219
-216
-231
-219
-215
-220
-104
-160
-218
-218
-195
-131
-163
-220
-154
-196
-107
-105
-56
-132
-229
-153
-235
-227
-199
-172
-177
-90
-178
-233
-238
-203
-231
-196
-211
-171
-74
-116
-139
-201
-229
-205
-225
-225
-144
-163
-202
-207
-210
-211
-161
-153
-154
-229
-290
-216
-241
-79
-179
-215
-212
-223
-55
-158
-236
-235
-83
-151
-238
-214
-64
-170
-101
-137
-244
-213
-100
-123
-129
-59
-77
-40
-98
35
-165
-198
-141
-197
-119
-16
-20
-149
-109
-106
-132
-126
-141
-128
-145
-71
-188
-130
-229
-220
-136
-93
-16
-126
-244
-224
-217
-249
-163
-315
-107
-225
-221
-263
-277
-224
-106
-171
-227
-244
-168
-232
-117
-189
-140
-283
-207
-208
-246
-217
-140
-91
-218
-219
-239
-190
-156
-75
-184
-201
-152
-189
-174
-22
-76
-133
-205
-188
-207
-182
-245
-245
-243
-255
-231
-98
-138
-219
-256
-179
-54
-192
-214
-214
-198
-155
-65
-50
-148
-245
-126
-241
-206
-173
-232
-215
-47
-98
-247
-233
-177
-156
-195
-158
-127
-7
-16
-74
-207
-229
-217
-230
-219
-144
-104
-190
-226
-239
-218
-199
-149
-115
-191
-316
-246
-205
-94
-218
-254
-243
-227
-98
-140
-268
-276
-140
-77
-198
-228
-35
-145
-162
-97
-174
-213
-98
-126
-4
-50
-36
-53
15
-144
-126
-153
-105
-31
-18
19
-126
-75
-261
-195
-175
-114
-215
-111
-178
-204
-210
-200
-154
-128
-147
-272
-176
-60
-170
-105
-148
-120
-245
-231
-228
-242
-194
-130
-66
-274
-185
-50
-13
-33
36
-116
-115
-119
-46
-20
31
-3
-67
-90
-41
-151
-62
-133
-119
-162
-164
-58
-21
-80
-193
-116
-43
5
-82
-138
-98
-103
-38
20
21
-126
-79
-20
-229
-187
-177
-149
-103
-17
-22
-159
-75
-112
-103
-105
-91
-27
16
16
-33
-46
-219
-249
-231
-176
-105
-97
-225
-136
-244
-166
-149
-111
-70
-211
-218
-231
-156
-85
-124
-262
-147
-140
-37
-69
-227
-154
-29
-39
-194
-90
15
-109
-65
-129
-70
-186
-121
-74
-135
-64
-193
-99
-171
-133
-173
-114
-102
-81
-25
-122
-196
8
-99
-43
-83
-53
-230
-121
-139
-116
-102
-76
20
-95
-154
-80
-20
23
-12
-136
-65
-122
-65
6
-5
56
-77
-128
-48
-112
-108
-178
-131
-177
-148
-124
-83
-4
-87
-169
-57
-14
-125
-81
-128
-100
-50
-22
80
-50
-144
-15
-184
-100
-175
-112
-122
-44
-5
-125
-171
-125
-69
-147
-114
-66
-44
46
-14
-111
-176
-226
-225
-189
-111
-70
-187
-213
-161
-108
-95
-99
8
-86
-212
-221
-175
-125
-88
-183
-252
-122
-50
-61
-172
-256
-57
25
-74
-148
42
-63
-160
28
-78
-150
-178
-231
-107
-285
-218
-282
-239
-242
-196
-218
-220
-200
-247
-237
-222
-121
-233
-174
-255
-247
-176
-139
-174
-117
-129
-203
-226
-105
-344
-249
-228
-214
-230
-224
-242
-141
-167
-252
-252
-170
-103
-99
-169
-125
-76
-109
-62
-36
-90
-176
-204
-305
-313
-299
-296
-327
-193
-235
-331
-307
-203
-205
-226
-161
-210
-134
-113
-162
-225
-236
-222
-197
-222
-214
-154
-235
-236
-229
-195
-222
-216
-169
-203
-320
-187
-196
-137
-219
-214
-222
-178
-105
-121
-209
-210
-159
-162
-217
-221
-108
-196
-234
-231
-214
-222
-141
0
-89
-73
-231
-152
-67
-99
-59
-49
3
-111
-178
-87
-254
-169
-247
-251
-219
-257
-223
-128
-99
-257
-227
-122
-73
-112
-167
-85
-100
-107
-48
44
-144
-176
-175
-274
-235
-177
-159
-188
-98
-112
-213
-211
-236
-176
-178
-165
-153
-117
-23
-130
-181
-274
-286
-281
-268
-222
-137
-335
-286
-207
-204
-215
-192
-130
-208
-320
-205
-225
-99
-159
-226
-218
-219
-112
-100
-250
-225
-157
-101
-221
-216
-54
-220
-224
-109
-164
-229
-58
-179
-159
-191
-187
-170
-141
-167
-86
-73
-193
-202
-68
-10
-86
-139
-84
-32
7
21
74
-56
-148
-66
-187
-179
-100
-62
-79
-22
-2
-141
-158
-163
-151
-102
-61
-54
-8
15
-60
-112
-226
-167
-180
-179
-112
-101
-204
-182
-154
-112
-180
-128
-74
-137
-306
-91
-95
-25
-36
-108
-150
-77
14
-4
-116
-156
-28
-17
-111
-156
28
-85
-112
-53
-129
-186
-117
-103
-103
-131
-105
-91
-103
-45
33
-106
-185
-203
-246
-263
-227
-204
-237
-111
-128
-252
-246
-234
-210
-233
-231
-174
-103
-111
-150
-232
-217
-216
-234
-244
-151
-103
-231
-223
-224
-233
-250
-158
-123
-226
-302
-218
-246
-127
-161
-233
-221
-231
-98
-125
-243
-241
-121
-93
-209
-238
-14
-185
-156
-111
-163
-215
-44
-98
-198
-131
-82
-100
-19
16
-98
-124
-85
-154
-87
-70
-41
5
51
-3
-161
-141
-147
-108
-103
-33
26
-99
-158
-166
-122
-146
-143
-10
-188
-315
-158
-101
-45
8
-88
-197
-76
-13
15
-98
-231
-44
23
-83
-160
78
-126
-127
60
-105
-151
-171
-184
-193
-164
-101
-15
11
-90
-123
-238
-199
-199
-218
-149
-116
-223
-247
-255
-194
-221
-183
-117
-232
-317
-199
-215
-80
-188
-245
-255
-209
-62
-93
-246
-221
-119
-98
-227
-223
-18
-116
-124
-99
-155
-241
-198
-221
-220
-211
-125
-54
-149
-189
-195
-140
-165
-117
-60
-117
-278
-256
-190
-106
-137
-148
-186
-149
-59
-28
-85
-210
-81
-79
-143
-151
20
-92
-103
4
-104
-127
-216
-224
-230
-186
-105
-190
-290
-221
-212
-155
-204
-222
-254
-217
-140
-131
-247
-198
-183
-117
-207
-192
-78
-216
-209
-98
-146
-218
-205
-223
-151
-158
-210
-316
-210
-127
-94
-213
-317
-182
-102
-204
-302
-43
-194
-275
-108
-217
-320
-223
-63
-173
-256
-242
-157
-167
-254
-223
-86
-190
-170
-189
-224
-234
-86
-88
-265
-252
-22
-136
-153
-112
-205
-242
-28
-181
-162
-74
-142
-219
-100
-136
-227
-153
