-155
-120
-177
-168
-157
-87
-216
-187
-156
-234
-137
-248
-168
-108
-182
-183
-250
-235
-130
-195
-167
-167
-46
-145
-189
-144
-154
-123
-150
-157
-39
-174
-212
-190
-184
-191
-166
-152
-98
-165
-185
-171
-191
-120
-162
-135
-65
-142
-228
-221
-148
-207
-210
-184
-247
-242
-249
-256
-167
-243
-207
-112
-261
-240
-225
-262
-146
-95
-232
-214
-202
-220
-156
-228
-202
-122
-242
-242
-217
-203
-80
-234
-188
-192
-208
-149
-191
-170
-96
-186
-191
-266
-148
-98
-150
-130
-94
-119
-173
-89
-47
-101
-100
-106
-161
-243
-258
-195
-220
-256
-233
-120
-251
-271
-213
-220
-249
-224
-167
-237
-201
-137
-228
-240
-224
-203
-255
-217
-249
-167
-113
-184
-180
-262
-214
-227
-212
-157
-93
-234
-236
-196
-257
-183
-159
-96
-211
-157
-155
-156
-226
-135
-242
-256
-223
-232
-116
-184
-202
-238
-200
-160
-131
-111
-105
-282
-230
-286
-239
-238
-253
5
-67
-8
-36
9
-118
-129
-34
-58
-11
-102
-28
-5
-29
-96
-145
-131
-45
20
-1
10
-65
-120
-12
-86
15
-55
-12
28
17
-48
-124
-45
-70
-51
-102
-191
-181
-45
-156
-79
-141
-101
-39
-95
-64
-167
-184
-17
-23
-170
-156
-70
-132
-44
-139
-70
-38
-99
-77
-128
-134
-9
-151
-122
-23
-89
-17
-48
-43
0
-43
-36
-133
-51
-83
-134
-42
-55
-38
-124
-41
12
-30
-42
-75
-147
-263
-165
-246
-97
-212
-178
-113
-212
-226
-183
-238
-143
-209
-113
-230
-143
-131
-184
-167
-241
-163
-140
-15
-164
-43
-20
-44
-32
-139
-120
-111
-222
-68
-87
-174
-159
-229
-238
-61
-52
-11
-68
16
-109
-100
-164
-93
-180
-177
-212
-181
-27
-68
-56
-183
-165
-53
-40
-97
-86
-113
-164
-172
-167
-147
-208
-121
-23
-54
-14
17
-138
-46
-25
8
-34
-35
18
-26
-132
-140
-110
-137
-57
-144
-198
-251
-136
-129
-74
-170
-157
-79
-173
-185
-236
-260
-46
-17
-74
-148
-56
-46
-15
-54
-52
-12
-67
-113
-139
-141
-7
-123
-138
-79
-9
-12
-41
-72
-12
-66
-94
-168
-58
4
-125
-53
-3
-4
-85
-30
-6
11
-68
-61
-131
-148
-90
-71
-26
-85
-79
-20
-71
-150
-147
-122
-167
-145
-94
-174
-151
-110
-184
-213
-233
-183
-78
-17
-110
-48
-50
-32
-79
-147
-149
-41
-67
-35
-3
-91
-148
-104
-174
-37
-32
-8
-61
-31
-112
-93
-145
-26
-112
-167
-160
-161
-19
-50
-93
-154
-171
-45
-63
-53
-55
-152
-157
-159
-213
-196
-180
-126
-69
-107
-152
-175
-137
-171
-64
-110
-121
-39
-117
-155
-202
-175
-19
-23
-76
-151
-60
-107
-21
-93
-49
-70
-110
-129
-153
-74
-11
-83
-144
-45
-14
-13
-1
-21
-28
-48
-122
-143
-21
-31
-143
-43
-44
-19
-99
-16
-15
-47
-114
-63
-95
-160
-92
-114
-31
-85
-59
-36
-88
-166
-107
-88
-187
-176
-50
-156
-143
-104
-173
-190
-213
-130
-121
-23
-119
-33
-37
-27
-78
-159
-84
-70
-102
-41
-16
-131
-238
-148
-170
-44
-29
16
-33
-27
-81
-43
-73
7
-104
-161
-154
-84
22
-26
-101
-152
-86
-76
-40
-66
1
-160
-192
-93
-225
-130
-155
-92
-123
-232
-235
-147
-177
-92
-196
-158
-103
-251
-179
-185
-264
-72
-201
-194
-141
-127
-40
-97
-117
-39
-105
-106
-194
-116
-183
-222
-154
-170
-101
-212
-146
-119
-195
-172
-182
-272
-329
-273
-266
-102
-271
-224
-109
-268
-314
-258
-285
-219
-237
-91
-246
-216
-186
-274
-262
-242
-249
-240
-91
-203
-148
-53
-205
-149
-180
-209
-155
-236
-162
-109
-244
-250
-226
-211
-111
-79
-39
-88
-106
-82
-98
-210
-92
-232
-240
-212
-255
-99
-170
-195
-219
-231
-95
-89
-99
-90
-226
-253
-212
-233
-213
-211
-20
-168
-141
-60
-122
-36
-95
-48
-54
-96
-131
-148
-99
-81
-140
-84
-69
-25
-148
-35
-50
-55
-90
-68
-138
-215
-183
-191
-117
-216
-161
-107
-243
-226
-177
-182
-193
-204
-116
-204
-194
-179
-251
-237
-231
-201
-142
-43
-168
-64
-75
-80
-81
-156
-144
-115
-164
-76
-110
-197
-181
-173
-214
-98
-57
-55
-112
-79
-105
-70
-184
-102
-245
-194
-201
-192
-50
-148
-94
-176
-165
-180
-79
-69
-77
-282
-228
-229
-233
-238
-226
-65
-172
-64
33
4
-79
-38
3
-20
-64
-81
-68
-223
-196
-143
-119
-130
-152
-77
-187
-182
-201
-117
-148
-158
-80
-165
-169
-147
-183
-178
-230
-146
-113
-39
-80
-42
-29
-26
-59
-147
-92
-98
-105
6
-4
-129
-104
-149
-110
-46
-45
-23
-55
-24
-80
-40
-93
-18
-121
-103
-128
-88
-18
-65
-83
-172
-105
-43
-59
-84
-37
-134
-179
-99
-182
-123
-173
-144
-102
-75
-28
-102
-64
-31
-113
-89
-61
-144
-144
-143
-92
-210
-158
-137
-158
-145
-162
-164
-103
-43
-170
-60
-63
-35
-69
-107
-158
-87
-150
-33
-49
-117
-120
-84
-195
-118
-42
-50
-82
-19
-45
-108
-152
-86
-204
-180
-163
-190
-56
-52
-76
-125
-128
-40
-48
-26
-116
-142
-87
-156
-105
-158
-165
-285
-188
-96
-225
-238
-165
-231
-232
-211
-217
-272
-133
-243
-164
-116
-165
-211
-186
-196
-140
-211
-141
-58
-223
-206
-186
-183
-113
-82
-35
-87
-110
-82
-83
-220
-90
-242
-246
-241
-231
-89
-152
-202
-202
-190
-81
-99
-74
-76
-240
-260
-218
-225
-238
-220
-170
-116
-252
-171
-154
-179
-175
-243
-195
-147
-188
-177
-156
-233
-212
-199
-187
-112
-123
-119
-118
-83
-103
-77
-248
-160
-232
-230
-237
-196
-133
-180
-172
-258
-184
-225
-163
-166
-122
-257
-246
-260
-227
-227
-190
-131
-196
-70
-86
-154
-218
-180
-267
-109
-26
-39
-67
-34
-111
-100
-165
-98
-212
-150
-248
-213
-37
-54
-92
-163
-138
-94
-54
-82
-80
-141
-202
-205
-164
-153
-227
-133
-93
-77
-181
-151
-146
-126
-153
-92
-216
-213
-188
-212
-46
-113
-117
-164
-142
-104
-99
-97
-99
-224
-215
-244
-205
-218
-260
-102
-56
-131
-95
-112
-109
-48
-86
-35
-140
-87
-67
1
-21
-35
-94
-99
-100
-63
-101
-59
-108
-202
-219
-224
-205
-108
-108
-106
-76
-246
-237
-245
-227
-240
-190
-32
-62
-89
-90
-128
-168
-179
-195
-203
-204
-102
-91
-105
-108
-113
-73
-236
-236
-218
-223
