-141
-176
-170
-93
-20
-126
-118
-144
-128
-144
-100
4
-201
-128
-83
-128
-171
-160
-236
-222
-148
-214
-146
-134
-205
-138
-169
-177
-180
-237
-159
-147
-155
-216
-223
-232
-139
-142
-148
-199
-278
-196
-246
-183
-100
-210
-141
-187
-231
-226
-240
-121
-135
-126
-147
-176
-162
-234
-145
-124
-226
-129
-138
-158
-170
-161
-61
-68
-67
-128
-73
-176
-82
-72
-125
-96
-108
-106
-155
-166
-5
-47
-131
-78
-131
-55
-36
-134
-21
-82
-84
-126
-156
-64
-144
-114
-124
-76
10
-163
-104
-109
-103
-101
-160
-156
-77
-110
-95
-50
-127
-104
-48
-85
-141
-176
-134
-168
-108
-54
-188
-152
-154
-225
-209
-233
-158
-85
-20
-150
-111
-80
-129
-164
-167
-110
-123
-213
-132
-94
-151
-179
-190
-51
-160
-74
-90
-107
-155
-144
-68
3
1
-13
-115
-65
-151
-133
-175
-207
-222
-59
-94
-183
-183
-105
-155
-169
-184
-218
-207
-220
-216
-198
-124
-247
-250
-270
-271
-222
-257
-115
-255
-227
-248
-224
-253
-219
-250
-246
-151
-270
-201
-245
-241
-278
-254
-123
-291
-233
-242
-221
-250
-247
-211
-192
-233
-220
-232
-212
-281
-231
-160
-296
-217
-216
-234
-241
-214
-65
-171
-199
-235
-196
-279
-275
-115
-268
-185
-201
-213
-212
-222
-140
-94
-110
-155
-82
-111
-14
-116
-122
-161
-92
-92
-108
-244
-270
-267
-257
-275
-124
-278
-216
-229
-263
-223
-243
-240
-213
-188
-221
-147
-300
-204
-181
-212
-223
-210
-275
-256
-246
-90
-331
-275
-237
-261
-256
-260
-187
-270
-55
-334
-203
-244
-271
-278
-240
-292
-145
-229
-226
-201
-193
-194
-232
-203
-312
-231
-246
-292
-231
-279
-101
-110
-78
-83
-130
-101
-265
-280
-275
-295
-292
-232
-233
-225
-248
-249
-225
-263
-222
-236
-290
-234
-243
-234
-220
-226
-245
-212
-292
-228
-180
-237
-199
-198
-219
-226
-231
-195
-189
-209
-227
-245
-200
-301
-230
-241
-226
-200
-186
-215
-200
-210
-194
-214
-213
-194
-196
-302
-197
-221
-189
-176
-188
-226
-219
-206
-181
-138
-176
-154
-185
-198
-175
-138
-100
-154
-197
-183
-188
-227
-245
-254
-252
-248
-163
-239
-203
-260
-235
-211
-230
-234
-258
-206
-248
-216
-233
-204
-235
-225
-260
-219
-219
-233
-224
-181
-226
-228
-204
-236
-229
-235
-205
-239
-136
-222
-233
-236
-256
-274
-223
-211
-251
-246
-221
-214
-219
-199
-250
-252
-229
-219
-259
-269
-232
-222
-184
-135
-170
-167
-181
-180
-237
-209
-212
-244
-232
-197
-196
-195
-198
-261
-235
-216
-205
-213
-254
-276
-239
-220
-235
-239
-201
-343
-242
-174
-241
-218
-234
-246
-242
-231
-192
-261
-271
-231
-221
-384
-269
-181
-235
-269
-238
-258
-275
-250
-153
-157
-180
-203
-203
-192
-105
-178
-160
-223
-191
-146
-197
-237
-233
-252
-358
-276
-88
-242
-244
-256
-248
-245
-249
-220
-210
-284
-248
-182
-271
-261
-218
-222
-277
-216
-231
-292
-246
-150
-273
-242
-232
-252
-244
-232
-342
-257
-77
-213
-234
-228
-222
-300
-224
-342
-175
-331
-360
-280
-317
-281
-310
-203
-252
-241
-266
-304
-236
-228
-122
-94
-122
-148
-117
-161
-277
-215
-237
-224
-243
-225
-254
-259
-224
-232
-247
-246
-309
-252
-267
-133
-201
-214
-200
-198
-347
-235
-215
-170
-197
-212
-221
-217
-207
-96
-145
-161
-193
-199
-168
-135
-145
-121
-187
-177
-116
-115
-225
-203
-244
-306
-208
-130
-198
-253
-246
-220
-208
-207
-215
-213
-298
-278
-214
-255
-184
-185
-225
-201
-212
-232
-280
-214
-143
-178
-238
-209
-244
-201
-215
-268
-235
-139
-269
-214
-206
-206
-256
-222
-338
-292
-293
-266
-246
-267
-225
-301
-242
-239
-252
-255
-296
-223
-227
-191
-101
-155
-168
-189
-168
-214
-196
-275
-212
-239
-195
-230
-242
-231
-210
-216
-229
-236
-224
-237
-86
-85
-97
-115
-180
-114
-115
-106
-87
-178
-117
-116
-138
-207
-224
-222
-315
-223
-136
-182
-184
-196
-238
-206
-217
-208
-180
-300
-244
-152
-197
-213
-198
-227
-161
-217
-207
-304
-222
-155
-215
-226
-185
-241
-215
-226
-283
-210
-124
-198
-162
-215
-213
-213
-263
-298
-236
-285
-302
-278
-288
-280
-298
-211
-199
-207
-224
-283
-201
-228
-102
-120
-147
-134
-188
-141
-195
-217
-206
-198
-217
-194
-227
-198
-221
-188
-198
-229
-226
-245
-247
-91
-76
-167
-132
-127
-51
-118
-98
-175
-107
-116
-147
-74
-140
-121
-132
-71
-90
-93
-114
-120
-101
-140
-135
-109
-98
-54
-99
-87
-116
-140
-115
-120
-131
-119
-38
-150
-145
-183
-138
-175
-153
-99
-147
-112
-112
-162
-114
-99
-143
-124
-105
-78
-183
-141
-129
-108
-69
26
-61
-75
-78
-86
-81
-90
-119
-132
-129
-122
-122
-117
-105
-189
-143
-188
-114
-134
-137
-228
-262
-237
-244
-144
-227
-229
-175
-238
-230
-209
-240
-228
-230
-91
-218
-213
-205
-224
-226
-240
-278
-270
-92
-263
-250
-261
-270
-265
-278
-294
-161
-242
-274
-225
-245
-235
-246
-164
-245
-227
-227
-339
-238
-278
-119
-50
-121
-79
-140
-116
-196
-220
-267
-244
-257
-209
-260
-179
-223
-198
-196
-242
-240
-217
-213
-223
-205
-230
-173
-214
-214
-157
-224
-198
-208
-208
-239
-147
-228
-224
-202
-238
-234
-258
-227
-197
-200
-194
-179
-211
-205
-225
-236
-237
-241
-233
-329
-245
-261
-148
-122
-128
-152
-151
-149
-198
-189
-255
-230
-230
-173
-223
-188
-195
-199
-191
-208
-220
-208
-257
-212
-203
-68
-220
-231
-192
-226
-233
-240
-221
-123
-207
-212
-173
-217
-215
-240
-124
-217
-216
-198
-275
-211
-262
-71
-89
-71
-146
-121
-61
-242
-212
-265
-257
-231
-204
-212
-234
-229
-235
-211
-233
-228
-251
-284
-232
-152
-218
-195
-205
-227
-219
-225
-196
-250
-230
-231
-301
-274
-262
-89
-71
-93
-95
-146
-91
-192
-249
-258
-250
-232
-210
-228
-224
-199
-238
-261
-250
-264
-237
-295
-186
-204
-228
-232
-244
-208
-223
-187
-157
-121
-122
-219
-180
-203
-198
-231
-223
-239
-197
-230
-211
-224
-198
-199
-221
-206
-229
-240
-203
-186
-200
-192
-209
-149
-232
-214
-277
-229
-217
-227
-305
-215
-217
-306
-243
-254
-296
-282
-301
-82
-74
-101
-145
-121
-63
-72
-163
-86
-88
-116
-92
-114
-149
-125
-197
-255
-208
-209
-215
-211
-219
-221
-215
-303
-210
-197
-220
-201
-223
-263
-232
-238
-279
-282
