-59
-110
6
62
-114
-3
-84
-116
14
-54
79
-3
30
-1
-117
-98
-113
-93
-162
-87
42
-151
-11
-159
-128
-88
-83
37
-124
-25
-30
-131
-127
-149
-141
-54
-15
-184
-139
-202
-168
-95
-167
-43
-150
-106
-117
-177
-198
-218
-189
49
-128
-7
-38
-99
67
5
82
-27
-5
11
-109
-48
-61
-37
-19
22
-57
1
38
68
149
62
28
41
-81
-13
-80
-9
-76
-167
-186
-146
-161
-17
-188
-107
-109
-173
-187
-223
-174
-89
-114
11
-88
18
-37
-28
13
-143
-140
-147
-148
-180
-112
-140
-7
-129
-94
-50
-150
-183
-195
-152
-86
-148
-33
-157
-78
-62
-168
-176
-176
-170
-78
53
-23
3
-4
-144
-115
-135
-28
26
-128
-14
-60
-158
-135
-204
-112
29
10
60
-60
20
-120
-37
-35
-25
-162
-161
-143
-139
-8
-133
-80
-86
-40
-119
-85
-45
-101
-149
-227
-150
-175
-202
-231
-233
-117
-70
-181
-82
-190
-175
-93
-219
-77
-204
-124
-96
-186
-225
-238
-208
-100
-98
-196
-151
-225
-212
-135
-227
-52
-193
-51
-136
-221
-158
-245
-231
4
-124
-14
-51
-97
39
-47
28
51
-5
3
-100
-65
-135
-51
-102
-17
-128
-51
17
-18
77
0
12
5
-90
-51
-121
-73
-84
-179
-255
-133
-241
-90
-195
-108
-157
-181
-188
-220
-249
-49
-150
28
-139
-2
-30
8
-27
-141
-134
-165
-132
-196
-152
-204
-54
-180
-40
-73
-166
-213
-197
-154
-146
-209
-98
-141
-67
-105
-237
-252
-240
-178
-101
-9
-10
28
-16
-157
-99
-123
-52
-62
-155
-40
-132
-179
-223
-241
-192
-1
-13
-25
-106
-40
-117
-112
19
-14
-118
-173
-167
-138
10
-112
-91
-43
-43
-147
-75
-94
-150
-198
-193
-209
-174
-191
-251
-165
-116
-230
-179
-246
-259
-180
-282
-115
-250
-103
-160
-198
-232
-243
-226
-97
-220
-77
-171
-145
-60
-155
-100
-195
-49
-60
-176
-172
-179
-138
-96
-41
-162
-63
-78
-93
6
-94
-25
-36
-89
-114
-176
-112
-101
-219
-234
-174
-228
-110
-319
-107
-170
-181
-226
-234
-223
-92
-162
-71
-147
-36
-105
11
-1
-112
-184
-178
-217
-230
-244
-262
-116
-235
-100
-124
-192
-223
-248
-214
-155
-218
-103
-241
-65
-84
-196
-206
-197
-225
-183
-75
-147
-85
-37
-204
-222
-181
-109
-80
-299
-99
-170
-206
-254
-258
-234
-113
-37
-15
-159
-90
-156
-148
-84
-90
-247
-225
-236
-259
-36
-147
-63
-102
-80
-160
-92
-105
-166
-177
-219
-178
-245
-204
-311
-44
-158
-95
-89
-90
16
-136
-36
-112
1
-74
-141
-100
-89
-109
-96
-108
-147
-73
-73
-135
27
-98
-29
-88
-132
-100
-176
-124
-187
-222
-220
-183
-327
-121
-291
-112
-210
-184
-223
-243
-259
-166
-225
-98
-288
-110
-205
-133
-154
-234
-220
-244
-264
-218
-207
-255
-110
-233
-112
-187
-219
-211
-223
-205
-158
-269
-119
-229
-85
-144
-207
-206
-188
-225
-218
-67
-164
-31
-128
-186
-172
-242
-115
-171
-340
-145
-246
-260
-294
-348
-255
-131
-37
-88
-179
-109
-179
-187
-120
-204
-251
-265
-254
-256
-96
-148
-98
-108
-100
-202
-150
-164
-242
-203
-216
-211
-215
-221
-307
-71
-21
-35
-16
72
-22
61
-26
26
1
-118
-53
-101
-44
-85
-114
-203
-82
-162
-66
-158
-56
-135
-173
-173
-175
-171
-43
-97
62
-62
-3
-72
-6
-1
-128
-95
-84
-89
-73
-35
-58
-8
-83
16
-7
-104
-85
-93
-91
35
-86
18
-70
-4
-22
-149
-123
-93
-93
-17
58
48
81
69
-60
-38
-3
57
5
-104
-2
-62
-145
-95
-174
-100
31
-35
1
-120
8
-80
-70
-22
-24
-170
-94
-88
-112
-6
-112
-18
-8
21
-111
-44
-43
-100
-117
-148
-115
-93
-74
-158
-51
-119
-83
-46
-91
20
-106
-41
-108
-125
-109
-167
-134
-88
-64
28
-86
8
-26
-10
-8
-114
-81
-178
-114
-125
-125
-99
-33
-149
-88
-82
-162
-144
-230
-143
-11
-64
41
-59
-4
2
-79
-78
-142
-91
-66
41
-14
13
4
-98
-91
-134
14
31
-120
-25
-77
-149
-124
-216
-119
28
-1
32
-109
35
-101
-44
-43
-16
-159
-98
-182
-115
-1
-112
-20
-94
-33
-113
-40
-99
-121
-135
-184
-145
-179
-121
-230
-99
-187
-38
-175
-43
-109
-86
-88
-175
-178
-205
-156
-229
-182
-205
-113
-275
-88
-149
-150
-261
-228
-216
-168
-225
-105
-257
-95
-176
-198
-291
-251
-236
-181
-76
-164
-91
-109
-167
-249
-216
-149
-102
-266
-116
-248
-205
-249
-323
-243
-110
-46
-133
-118
-78
-181
-173
-117
-203
-244
-292
-261
-258
-98
-98
-101
-111
-120
-181
-186
-222
-262
-180
-228
-198
-263
-250
-311
-151
-46
-164
-21
-127
-32
-51
-142
-165
-177
-147
-111
-251
-48
-156
-121
-124
-213
-266
-265
-202
-125
-54
-11
28
12
-150
-120
-112
-47
-49
-193
-119
-154
-228
-255
-284
-227
-47
0
-14
-129
-58
-165
-163
-62
-31
-186
-210
-196
-191
-7
-159
-68
-101
-91
-141
-82
-70
-170
-208
-255
-225
-223
-261
-297
-198
-211
-96
-223
-86
-94
-182
-209
-201
-226
-209
-124
-198
-44
-81
-182
-222
-241
-123
-59
-248
-55
-149
-174
-210
-290
-248
-110
-33
-24
-112
-66
-181
-130
-103
-114
-196
-227
-259
-267
-42
-82
-80
-87
-77
-142
-109
-123
-193
-143
-223
-190
-216
-225
-294
-205
-48
-104
-57
-80
-157
-195
-203
-110
-96
-234
-81
-147
-187
-250
-281
-272
-103
-36
-23
-144
-77
-143
-138
-92
-97
-198
-229
-200
-288
-33
-142
-95
-75
-76
-122
-92
-83
-154
-207
-206
-192
-233
-233
-326
-83
-164
-43
-117
-197
-254
-250
-165
-39
-10
-14
-134
-71
-186
-70
35
-20
-153
-200
-205
-75
10
-110
-77
-40
24
-135
-95
-58
-58
-171
-192
-134
-236
-140
-186
-125
-15
-88
-171
-119
-206
-136
-126
-226
-271
-289
-348
-353
-89
-143
-109
-152
-101
-206
-175
-223
-216
-222
-286
-247
-310
-276
-346
-47
-16
-156
-126
-161
-211
-7
-135
-35
-89
-91
-151
-5
-75
-148
-110
-203
-167
-126
-168
-284
-50
-171
-103
-114
-112
-171
-96
-119
-167
-221
-268
-255
-284
-301
-338
-144
-42
-34
-67
-106
-160
-103
-98
-83
-170
-156
-171
-220
-91
-184
-239
-222
-208
-276
-306
