-251
-229
-221
-185
-222
-90
-250
-234
-165
-213
-125
-212
-163
-162
-231
-243
-112
-212
-234
-214
-207
-234
-111
-216
-266
-176
-243
-188
-236
-187
-148
-263
-247
-106
-238
-200
-150
-200
-131
-203
-221
-210
-210
-139
-272
-194
-142
-191
-223
-143
-206
-184
-217
-96
-199
-250
-143
-205
-136
-218
-192
-166
-202
-242
-104
-223
-190
-69
-134
-118
-96
-105
-94
-203
-112
-73
-193
-153
-26
-126
-161
-231
-248
-135
-213
-177
-220
-199
-189
-226
-257
-147
-233
-82
-97
-82
-92
-43
-111
-99
-25
-59
-107
-24
-79
-242
-141
-220
-146
-265
-238
-206
-221
-256
-118
-239
-181
-231
-130
-282
-181
-181
-259
-260
-118
-237
-147
-99
-154
-118
-73
-166
-170
-59
-219
-89
-262
-203
-159
-204
-255
-96
-205
-139
-98
-24
-123
-168
-99
-132
-205
-159
-227
-220
-97
-222
-149
-219
-198
-107
-212
-160
-167
-101
-180
-214
-134
-221
-96
-222
-179
-260
-226
-256
-237
-119
-252
-271
-117
-250
-105
-250
-128
-129
-242
-254
-115
-240
-238
-233
-248
-150
-252
-206
-229
-253
-99
-241
-175
-129
-207
-230
-144
-229
-244
-241
-74
-239
-289
-97
-216
-87
-251
-93
-114
-226
-224
-91
-197
-207
-124
-197
-137
-115
-178
-98
-224
-85
-118
-214
-187
-73
-142
-143
-252
-196
-89
-242
-149
-220
-178
-178
-234
-231
-171
-241
-88
-82
-63
-127
-16
-106
-64
31
-87
-97
-48
-69
-277
-111
-253
-90
-265
-186
-137
-240
-238
-114
-238
-86
-237
-71
-273
-91
-100
-215
-258
-125
-182
-116
-23
-86
-38
14
-86
-105
-32
-137
-92
-268
-170
-119
-226
-237
-125
-217
-103
-18
53
-63
-101
-15
-75
-135
-106
-228
-230
-73
-240
-62
-166
-146
-36
-141
-140
-105
-63
-93
-188
-167
-228
-99
-204
-176
-234
-210
-220
-151
-249
-233
-164
-241
-119
-230
-183
-98
-235
-237
-157
-236
-211
-222
-96
-228
-257
-92
-253
-93
-217
-103
-75
-237
-266
-85
-221
-250
-60
-202
-190
-137
-200
-97
-285
-106
-119
-238
-187
-58
-153
-158
-220
-220
-98
-224
-165
-249
-157
-164
-219
-212
-159
-248
-101
-109
-48
-110
-12
-151
-46
40
-94
-125
-59
-91
-250
-92
-296
-120
-222
-194
-81
-227
-230
-101
-184
-76
-246
-97
-271
-120
-83
-223
-283
-88
-217
-104
14
-105
-25
42
-107
-109
-27
-96
-103
-240
-164
-102
-256
-270
-127
-210
-119
-33
48
-85
-110
-26
-94
-170
-103
-215
-194
-100
-237
-67
-177
-160
-43
-178
-134
-126
-37
-78
-240
-186
-207
-79
-257
-141
-206
-222
-152
-254
-252
-119
-217
-98
-215
-171
-73
-199
-233
-137
-203
-213
-133
-185
-168
-154
-168
-61
-240
-167
-107
-197
-171
-144
-169
-174
-236
-230
-119
-234
-158
-233
-205
-128
-195
-235
-185
-243
-135
-142
-109
-161
-66
-157
-136
-23
-137
-150
-106
-155
-274
-193
-227
-108
-193
-202
-79
-208
-221
-162
-205
-146
-246
-107
-243
-184
-111
-192
-216
-162
-217
-150
-40
-141
-121
-13
-140
-151
-107
-204
-110
-213
-216
-98
-196
-226
-201
-221
-107
-103
69
-59
-88
-80
-89
-183
-105
-182
-191
-156
-228
-78
-219
-230
-162
-223
-72
-95
-88
-119
-187
-181
-192
-152
-207
-217
-247
-99
-190
-213
-127
-174
-131
-208
-89
-138
-241
-175
-73
-149
-161
-226
-258
-105
-234
-178
-215
-167
-182
-220
-231
-154
-233
-80
-108
-27
-92
-40
-93
-44
27
-95
-97
-48
-68
-281
-102
-217
-90
-216
-157
-105
-233
-228
-74
-206
-146
-301
-103
-262
-126
-163
-290
-285
-131
-229
-96
-19
-86
-32
16
-115
-129
9
-132
-91
-213
-173
-124
-213
-214
-98
-243
-93
-33
15
-77
-102
-41
-79
-149
-96
-236
-252
-107
-229
-45
-153
-191
-47
-111
-121
-93
-59
-93
-196
-180
-207
-103
-242
-127
-120
-194
-179
-91
-188
-150
-274
-145
-154
-209
-180
-143
-161
-55
17
-37
-33
-24
-78
6
32
-100
-46
3
-33
-126
-92
-161
-19
-183
-93
-35
-203
-140
-21
-131
-58
-118
-75
-220
-45
-68
-185
-83
-36
-119
-66
-24
-130
-24
51
-128
-44
16
-45
-34
-226
-77
-51
-173
-122
-69
-116
-113
-22
47
-73
-69
-10
-54
-170
-154
-194
-192
-83
-196
-23
-168
-86
0
-74
-103
-3
-34
-38
-148
-128
-189
7
-111
-112
-162
-161
-58
-182
-115
-156
-146
-89
-154
-172
-150
-176
-228
-99
-227
-158
-213
-246
-145
-231
-231
-179
-240
-91
-253
-159
-221
-144
-179
-217
-208
-202
-238
-100
-36
-81
-82
8
-55
-90
-24
-114
-168
-245
-192
-181
-232
-238
-183
-238
-168
-131
-48
-106
-214
-137
-135
-186
-188
-224
-246
-156
-249
-150
-215
-226
-169
-196
-163
-210
-137
-158
-200
-196
-235
-167
-232
-207
-94
-38
-126
-36
-102
-95
29
-86
-103
-57
-71
-27
-158
19
-140
-21
22
-83
-88
-18
-74
-48
1
-35
10
80
-14
-45
11
-34
-8
-119
-101
17
-82
-120
-45
-93
-71
-13
116
23
-30
7
17
-105
22
-67
-74
-45
-110
75
-31
-93
-32
-70
35
22
-17
64
-63
-53
-71
-17
-78
-75
-101
-234
-97
-219
-170
-120
-248
-228
-98
-213
-137
-17
-89
-104
40
-111
-93
-24
-142
-96
-236
-253
-108
-260
-245
-127
-209
-111
-84
32
-88
-116
-19
-65
-237
-117
-221
-204
-106
-244
-106
-196
-235
-68
-167
-114
-139
-12
-110
-190
-168
-212
-100
-223
-172
-135
-10
-105
-42
40
-67
-71
-54
-109
-60
-215
-178
-85
-250
-232
-103
-207
-113
-13
58
-55
-89
-2
-72
-191
-103
-220
-226
-84
-257
9
-170
-149
17
-134
-90
-94
-52
-109
-235
-182
-218
-117
-219
-157
14
-142
-79
40
-104
-99
-26
-148
10
-3
152
28
-7
39
-12
-69
20
-92
-67
4
-171
45
-65
-107
-6
-121
37
57
71
19
-53
-30
-124
-24
-131
-105
-98
-65
45
-70
-89
-47
-94
-266
-134
-207
-204
-105
-236
-98
-199
-250
-61
-180
-106
-134
-65
-71
-198
-144
-190
-86
-219
-172
-96
31
-94
-70
-50
-112
74
-82
-105
5
-52
61
61
75
107
-55
-42
-55
-6
-96
-96
-81
-204
-195
-61
-212
-91
-97
-28
-70
-196
-158
-197
-74
-211
-151
-67
-82
-15
-91
-183
-120
-201
-47
-183
-115
-82
-52
-49
-27
-62
-73
-131
-189
-195
-158
