-64
-105
-93
-108
-87
-78
-143
-53
-82
-19
22
-106
-99
-85
-137
-93
-42
46
-144
-132
-144
-168
-71
-125
-81
-226
-63
-68
-139
-131
-173
-277
-150
-91
-27
-253
-250
-211
-174
-242
-172
-173
-173
-114
-287
-248
-277
-209
-218
-153
-77
-163
-253
-84
-218
-160
-245
-65
-85
-214
-147
-191
-232
-223
-78
-64
-228
-106
-241
-168
-185
-127
-114
-222
-197
-209
-242
-241
-86
-69
-179
-282
-192
-273
-168
-96
-246
-261
-236
-235
-263
-108
-118
-198
-83
-191
-28
-21
-74
-74
-103
-117
-110
-71
-23
-212
-225
-179
-193
-238
-175
-244
-292
-235
-97
-167
-200
-59
-47
-140
-125
-213
-199
-182
-38
-79
-79
-141
-233
-154
-224
-225
-268
-107
-78
-2
-152
-65
-93
-92
-213
-31
-4
-106
-82
-165
-112
-93
-15
-18
-218
-231
-246
-253
-78
-89
-266
-253
-137
-70
-64
-215
-229
-90
-111
-223
-204
-139
-102
-116
31
-55
-21
-40
-34
-24
-25
52
-59
-39
70
-13
3
-5
-155
15
-2
140
-164
-198
-195
-201
-173
-96
-141
-144
-35
-189
-154
-203
-226
-177
-129
-29
-22
-108
-50
-126
-20
-67
-47
66
-77
-38
-1
-197
-102
-29
60
-87
-54
-105
-53
-62
-34
43
-89
-57
-89
-163
-101
-68
33
-145
-118
-25
-103
-128
44
-89
-93
-67
-183
-121
-13
-10
-159
-41
-103
-54
1
-41
-77
-82
-112
-77
-41
-10
-117
-83
-159
-83
-120
-74
-122
-272
-148
-73
-64
-88
-34
80
-22
-45
-105
-140
-1
49
76
-17
-9
-69
-64
-87
-175
-95
-1
55
51
-111
-21
-58
-94
-80
-23
79
-7
30
-17
-31
12
39
117
-125
-104
-195
-106
-53
35
-114
-192
-51
-49
74
-185
-105
-11
43
-191
-175
-37
-52
63
134
-83
-65
-81
-95
-81
57
-81
-101
31
-68
-28
-116
-138
-34
-61
50
-20
-77
-41
-120
25
-110
9
-7
-72
-4
-24
-133
-87
-20
89
-67
-55
-83
33
-152
-23
43
-73
-2
-66
-166
-89
-7
49
-83
-125
37
-175
-105
-2
-93
-75
-80
-199
-67
-21
17
-81
6
-111
-8
11
-22
3
-9
-55
6
5
39
-61
-154
-90
-77
-108
-39
-88
-219
-98
-17
-9
-67
38
89
35
30
-24
-96
23
97
102
-79
-104
-115
-47
-136
-284
-109
-56
-18
12
-82
7
-16
-74
-36
-5
32
-40
11
-61
-79
-7
27
73
-45
-104
-228
-101
-33
52
-70
-128
27
11
84
-174
-74
18
42
-132
-178
-31
14
54
103
-178
-232
-155
-213
-73
-196
-163
-96
-234
-149
-224
-218
-236
-143
-106
-253
-187
-265
-121
-224
-164
-111
-271
-165
-363
-240
-272
-189
-92
-284
-230
-120
-241
-239
-96
-249
-250
-308
-244
-252
-167
-104
-191
-120
-242
-153
-75
-175
-120
-200
-180
-193
-139
-74
-180
-240
-193
-126
-214
-168
-278
-313
-251
-112
-150
-145
-115
18
-118
-75
-205
-170
-120
-35
-23
-140
-150
-212
-169
-265
-205
-221
-164
-46
-102
-186
-143
-183
-172
-227
-125
-109
-141
-83
-212
-110
-111
-27
10
-237
-298
-315
-275
-175
-70
-257
-218
-121
-127
-74
-276
-294
-211
-114
-233
-247
-89
-149
-87
-9
-198
-51
-116
-41
-132
-41
39
-200
-17
-78
-175
-173
-25
2
-164
-202
-85
-239
-141
-58
-191
-142
-174
-227
-225
-94
-74
-157
-32
-133
-33
-19
-67
-24
-11
-93
-104
-31
0
-148
-202
-156
-139
-219
-74
-163
-311
-247
-91
-111
-118
-6
40
-79
-13
-92
-159
-96
35
25
-79
-111
-194
-99
-128
-254
-242
-67
-65
-5
-125
-39
-32
-128
-140
-19
-24
-112
5
-55
-86
-88
-6
10
-147
-175
-249
-205
-75
-61
-120
-156
-93
-22
36
-176
-152
-43
-27
-212
-152
-100
-111
-54
29
-230
-219
-104
-233
-168
-52
-212
-142
-246
-233
-263
-106
-91
-190
-63
-188
-50
3
-105
-38
-86
-103
-84
-73
-24
-177
-212
-156
-159
-253
-73
-217
-306
-233
-102
-154
-152
-51
-2
-120
-35
-168
-195
-104
26
-89
-66
-128
-198
-85
-197
-230
-248
-101
-80
-37
-191
-15
-85
-99
-100
-22
-25
-146
-9
-167
-36
-96
-4
-38
-183
-200
-247
-270
-92
-79
-173
-141
-114
-26
-14
-235
-209
-87
-99
-229
-204
-108
-113
-106
26
-250
-125
-243
-166
-73
-161
-144
-147
-200
-181
-76
-144
-157
-245
-247
-169
-227
-163
-215
-327
-230
-92
-177
-204
-115
39
-120
-78
-180
-169
-100
45
-46
-168
-123
-257
-175
-268
-251
-268
-120
-122
-72
-236
-154
-149
-193
-179
-106
-80
-132
-56
-154
-101
-85
14
-17
-265
-246
-252
-272
-128
-118
-249
-222
-148
-99
-64
-212
-214
-86
-100
-223
-208
-96
-91
-86
27
-194
-205
-136
-180
-158
-101
-174
-202
-178
-102
-129
-179
-24
-2
-38
-55
-116
-73
-58
11
3
-101
-126
-129
-89
-184
-189
-180
-98
-135
-9
-92
-12
-24
-34
-87
-21
-40
-96
7
-91
-45
-47
12
8
-94
-108
-110
-110
-34
-11
-111
-60
-53
17
2
-131
-111
-1
2
-110
-103
-11
-61
-42
28
-247
-205
-148
-176
-137
-243
-307
-196
-47
-162
-118
-180
-202
-69
-210
-340
-241
-108
-170
-148
-193
-71
-160
-229
-234
-111
-164
-240
-100
-241
-214
-194
-97
-155
-179
-234
-386
-260
-122
-167
-184
-211
-122
-43
-65
-309
-247
-116
-118
-329
-220
-207
-117
-183
-23
-107
-95
-166
-97
-203
-211
-177
-61
-91
26
-69
-20
-67
-69
-122
-6
6
-57
-1
-94
-66
-4
114
65
-78
-162
-177
-124
28
-6
-134
-126
-61
21
14
-207
-195
-56
-58
-173
-93
-59
8
-25
101
-40
-140
18
-63
-84
-149
-62
-15
-183
-77
-162
-157
-161
-58
-81
-127
-213
-233
-236
-91
-73
-168
-146
-96
-43
18
-195
-217
-97
-88
-242
-174
-80
-134
-86
22
-105
-6
-93
4
-76
10
9
-122
-156
-169
-195
-48
-75
-85
-80
-77
-12
4
-87
-140
-42
-25
-124
-83
-34
-101
-52
23
-122
-211
-155
-185
-72
-49
-151
-102
-46
-4
7
-164
-169
-70
-94
-118
-59
2
-34
-40
63
-273
-273
-156
-131
-98
-250
-253
-108
-99
-277
-188
-120
-116
-98
57
-227
-202
-98
-61
-172
-131
-50
-48
4
90
-239
-133
-66
-109
-87
64
-172
-90
-25
13
