-236
-281
-93
-222
-385
-73
-248
-206
-304
-214
-108
-249
-223
-244
-142
-149
-325
-254
-263
-89
-153
-276
-92
-224
-220
-335
-217
-164
-258
-223
-215
-141
-108
-288
-237
-182
-256
-418
-116
-243
-285
-306
-274
-181
-317
-268
-242
-164
-181
-341
-311
-107
-232
32
-113
-78
-154
-82
-83
-123
-102
-100
-18
25
-227
-108
-216
-92
-184
-137
-272
-196
-133
-172
-174
-194
-99
-88
-281
-217
-120
-288
-291
-347
-416
-229
-288
-296
-305
-149
-167
-307
-320
-80
-141
-169
-98
-86
-97
-88
-110
-52
-45
-174
-105
-214
-271
-243
-156
-230
-224
-256
-86
-113
-290
-277
-281
-211
-141
-284
-214
-241
-81
-101
-258
-229
-301
-195
-322
-301
-294
-221
-171
-383
-295
-212
-247
-194
-282
-85
-107
-287
-234
-163
-248
-156
-91
-77
-203
-159
-240
-241
-90
-102
-354
-290
-240
-89
-78
-343
-241
-51
-76
-319
-247
-47
-172
-118
-188
-111
-320
-209
-74
-152
-306
-47
-206
-202
-288
-187
-63
-183
-186
-203
-184
-162
-202
-197
-145
-246
-399
-87
-214
-224
-235
-217
-89
-217
-206
-178
-133
-220
-213
-285
-104
-268
14
-89
-48
-141
-97
-17
-87
-100
-80
-29
-27
-161
-94
-209
-51
-146
-105
-202
-186
-56
-192
-151
-243
-86
-140
-210
-243
-172
-329
-300
-344
-422
-156
-316
-304
-353
-212
-212
-321
-341
-41
-107
-102
-78
27
-52
-50
-60
-38
-75
-90
-47
-206
-262
-236
-115
-214
-219
-197
-137
-186
-213
-212
-227
-190
-33
-203
-208
-224
-115
-163
-192
-195
-209
-86
-225
-216
-233
-215
-184
-247
-207
-152
-187
-209
-223
-121
-157
-213
-207
-106
-153
-90
7
-63
-69
-93
-238
-189
-127
-157
-221
-203
-263
-159
-150
-216
-209
-130
-185
-225
-220
-117
-88
-137
-172
-183
-204
-110
-128
-260
-62
-173
-217
-235
-201
-96
-209
-209
-257
-90
-154
-202
-288
-40
-161
24
-107
-78
-146
-82
-38
-65
-87
-103
-37
40
-149
-80
-99
-13
-112
-94
-189
-120
-16
-85
-87
-148
-42
-22
-183
-174
-45
-207
-204
-210
-333
-90
-176
-207
-235
-149
-103
-209
-212
-74
-138
-98
-55
12
-55
-51
-93
-50
-35
-76
-70
-206
-263
-255
-62
-208
-252
-269
-107
-93
-219
-225
-277
-227
-105
-211
-228
-294
-104
-87
-225
-204
-310
-114
-294
-325
-278
-217
-103
-289
-293
-189
-186
-196
-237
-120
-85
-205
-211
-88
-156
-111
-30
6
-78
-80
-230
-244
-131
-90
-223
-217
-289
-147
-94
-214
-233
-166
-109
-241
-235
-55
-153
-141
-95
-120
-236
-119
-264
7
-106
-114
-160
-123
-68
-175
-119
-129
-59
-65
-214
-179
-212
-49
-111
-151
-179
-150
-59
-212
-162
-165
-54
-118
-275
-263
-150
-252
-302
-284
-371
-161
-309
-292
-276
-151
-225
-287
-316
-20
-151
-78
-92
6
-77
-87
-59
-36
-74
-94
-157
-209
-182
-226
-61
-182
-208
-185
-79
-156
-187
-256
-269
-249
-143
-266
-257
-263
-116
-175
-246
-279
-220
-95
-212
-211
-213
-159
-155
-224
-263
-146
-201
-206
-209
-78
-158
-215
-287
-125
-116
-75
18
-103
-122
-114
-264
-208
-98
-189
-197
-292
-202
-55
-160
-207
-267
-43
-130
-201
-263
-72
-89
-136
-190
-217
-302
-125
67
-25
-22
-76
-34
-13
-13
-36
-74
4
24
-136
-62
-37
-143
-213
-159
-281
-74
-158
-159
-166
-53
-47
-195
-168
58
19
38
25
65
41
39
59
71
85
-24
37
-55
-114
-113
-45
-63
-92
-87
-11
18
-144
-95
-87
-66
-26
-70
-79
-88
19
26
-167
-55
-73
-8
-86
-86
-71
-96
34
-149
-101
-90
-58
-69
-95
6
32
-137
-82
-76
-72
-14
22
30
-101
-30
-97
-75
35
25
-141
-105
-117
-34
50
-173
-76
-8
58
-137
-72
51
-97
-25
-37
40
-159
-11
-80
-109
-134
-168
-41
-106
-111
-167
-40
-36
-157
-155
7
-19
-30
-22
1
-20
4
-12
20
16
-103
-33
-94
-129
-86
-55
-107
-100
-124
-43
-53
-166
-163
-113
-83
-2
-104
-110
-162
-27
-35
-136
-136
-121
-66
-160
-166
-225
-113
-65
-187
-190
-85
-104
-60
-152
-10
-35
-163
-191
-22
-85
-39
26
-1
-80
-87
-122
-202
-39
-11
-175
-174
-170
-32
-50
-152
-172
-36
-80
-193
-219
-4
-105
-35
-121
-63
-245
-56
-102
-94
-195
-25
-75
-66
-52
-11
-4
-87
-77
-205
-241
-325
-88
-201
-238
-246
-91
-112
-213
-212
-236
-356
-113
-213
-236
-286
-96
-111
-210
-239
-283
-107
-210
-233
-209
-152
-114
-232
-210
-227
-314
-318
-335
-137
-139
-339
-308
-94
-178
-92
-28
-34
-104
-79
-243
-250
-79
-104
-256
-230
-244
-125
-113
-235
-233
-82
-94
-210
-216
-18
-100
-68
-125
-105
-246
-116
-51
-63
15
-42
-59
-49
20
-8
-76
-46
-140
-160
-56
-146
-145
-117
-39
-64
-120
-132
-81
7
-88
-63
-53
-37
-2
-103
-32
-94
-75
-54
-82
-5
-27
-94
-64
-60
-67
-17
25
-46
-44
-14
-88
-76
-13
-25
-78
-90
-61
-27
-33
-86
-57
21
-34
-85
-63
-43
-46
-1
-65
-29
-94
-223
-234
-83
-177
-216
-219
-57
-90
-194
-188
-235
-65
-219
-242
-213
-123
-95
-206
-235
-197
-209
-213
-237
-92
-111
-227
-247
-116
-193
-97
0
10
-84
-130
-267
-196
-67
-78
-230
-198
-232
-96
-112
-224
-261
-76
-84
-238
-206
-53
-59
-99
-119
-79
-241
-209
-110
-221
-214
-220
-141
-112
-235
-210
-184
-202
-218
-233
-52
-104
-198
-188
-114
-171
-138
30
-45
-100
-73
-248
-246
-71
-83
-256
-237
-290
-96
-90
-220
-222
-65
-112
-245
-236
-32
-89
-94
-97
-92
-231
-102
-212
-226
-236
-113
-90
-214
-219
-122
-167
-60
-64
-4
-106
-108
-231
-214
-145
-116
-245
-219
-233
-158
-89
-217
-233
-142
-79
-246
-211
-98
-154
-154
-87
-58
-230
-161
-207
-187
-70
-56
-184
-149
-232
-187
-60
-92
-236
-204
-253
-90
-79
-200
-204
-51
-99
-251
-242
-28
-66
-82
-93
-87
-225
-231
-112
-19
0
-49
-120
-205
-47
-100
-207
-200
41
-2
-35
-105
5
10
-4
-44
-19
-138
-280
-120
-105
-248
-272
-70
-126
-260
-231
-4
-88
-103
-72
-100
-239
-133
-113
-257
-240
-56
-93
-81
-125
-102
-238
-17
-74
-60
-85
-97
-240
-57
-33
-88
-127
