-25
-42
-29
-110
-42
-83
-4
45
-42
-9
-127
-12
3
-62
51
-9
14
-88
-147
-69
-163
-103
-113
-25
-19
-82
-53
-122
-56
-8
-145
-77
3
-24
-145
-133
-197
-119
-109
-36
19
-97
-1
-186
22
-73
-139
-29
-73
-27
-141
-168
-88
-123
-11
-42
-81
-22
-175
-22
-31
-89
-23
10
-23
-144
-177
-147
-166
-59
-179
-137
-204
-90
-86
-162
-133
-107
-104
-243
-142
-12
0
-93
-62
-168
-9
-30
-128
-6
-85
-48
-176
-98
-26
-124
-61
-214
-107
-95
-97
-98
-96
-71
-204
4
-29
-1
-64
0
21
-51
-22
-35
1
-96
-54
-5
-141
-19
-7
0
0
-41
-9
-55
-40
-175
-42
-11
-117
-33
-51
-43
-166
-121
-1
-2
-90
9
-18
13
-51
-129
-70
-214
-60
-150
-95
-240
-12
-90
-9
-11
-27
-74
-46
35
-27
36
-122
-28
-99
-41
-167
-14
23
-127
-2
-87
-120
-97
-43
-70
-74
-135
-14
62
-65
-43
-123
-77
23
-114
-20
-14
77
-52
-103
-91
-86
-132
-48
123
-119
-15
-146
2
-2
-112
34
-53
59
-88
-78
-54
-136
0
32
-103
-56
-122
-12
6
-52
63
15
50
-88
-70
-144
-46
23
-90
-54
-126
-14
-21
-68
-28
-41
-33
-73
-174
26
37
-78
-112
-181
-33
24
-100
38
-64
40
-73
-127
-39
-177
-117
-249
-126
-114
-113
-68
-140
-29
-161
50
-2
5
-48
2
31
-41
35
-21
41
-12
18
53
-58
43
85
41
107
57
98
35
-17
-115
-50
22
-111
34
-42
15
-55
-103
-23
-1
-68
72
-21
58
-5
-111
-41
-238
-41
-118
-41
-134
13
-86
70
-32
18
-21
24
163
4
154
15
25
-93
19
-69
41
123
8
26
22
-8
-254
-279
-262
-225
-99
-73
-232
-185
-240
-160
-137
-321
-215
-129
-114
-226
-218
-163
-220
-74
-77
-222
-239
-220
-134
-96
-231
-128
-71
-89
-221
-234
-267
-187
-111
-248
-203
-239
-188
-104
-274
-232
-114
-157
-255
-293
-67
-71
-204
-221
-208
-143
-93
-273
-147
-112
-79
-197
-138
-82
-235
-225
-268
-198
-136
-287
-262
-144
-99
-223
-51
-81
-49
-81
-59
-15
-112
-90
-53
-2
-87
-86
-37
-155
-85
12
-120
-88
5
-25
-116
-185
-234
-185
-97
-335
-169
-100
-93
-190
-185
-126
-43
-272
-128
-63
-62
-113
-170
-85
-339
-124
-152
-89
-214
-60
-236
-133
-79
-52
-168
-106
-15
10
54
-83
-193
-139
-77
-238
-65
-77
-214
8
-111
-124
-267
-253
-271
-114
-94
-269
-180
-239
-123
-99
-290
-105
-137
-143
-382
-237
-238
-199
-79
-262
-173
-243
-102
-127
-259
-165
-113
-192
-253
-264
-97
-35
-230
-137
-252
-75
-105
-259
-59
-167
-101
-255
-180
-13
-262
-164
-328
-118
-181
-259
-197
-186
-73
-252
7
-90
-34
-95
-57
-69
-135
-76
-91
-44
-122
-85
30
-123
79
-8
-83
44
17
4
-71
-120
-284
-116
-147
-301
-147
-149
-133
-274
-154
-16
-40
-189
6
-86
-32
-113
-142
-97
-305
-103
-224
-74
-234
-12
-173
18
-73
-15
-83
-130
62
-77
4
-95
-117
-225
-128
-292
-55
-38
-145
-42
-117
-165
-196
-240
-179
-106
-244
-228
-227
-79
-88
-215
-154
-129
-153
-248
-292
-57
-79
-209
-189
-210
-66
-30
-200
-74
-110
-92
-228
-175
-125
-215
-224
-290
-183
-151
-220
-154
-185
-97
-326
-33
-101
-16
-72
-29
41
-77
-13
-31
33
-129
-96
-73
-174
-51
-40
-87
-35
-43
-24
-111
-157
-234
-85
-96
-267
-99
-109
-98
-249
-219
-40
-91
-195
-43
-71
-53
-127
-149
-92
-258
-90
-159
-97
-230
-35
-129
-32
-46
-23
-111
-68
62
-48
40
-108
-71
-107
-45
-200
-10
9
-145
-16
-74
-123
-288
-134
-80
-235
-249
-229
-71
-82
-215
-135
-168
-117
-193
-232
-113
-259
-196
-257
-168
-152
-216
-214
-157
-152
-282
-60
-213
-133
-141
-42
-55
-151
-125
-76
-111
-146
-103
-92
-171
-40
-50
-86
-66
-84
-83
-95
-238
-251
-108
-119
-257
-165
-131
-157
-238
-192
-117
-93
-244
-147
-142
-105
-181
-147
-85
-244
-132
-149
-108
-238
-41
-153
-52
-54
-47
-84
-73
-32
-69
-19
-102
-160
-175
-155
-235
-89
-153
-199
-66
-86
-226
-187
-136
-293
-263
-333
-178
-171
-236
-208
-262
-167
-303
-24
-91
-53
-91
13
2
-83
-40
-108
-19
-76
-118
-43
-167
-26
-10
-103
-26
-57
-28
-67
-176
-243
-80
-111
-241
-76
-155
-100
-197
-210
-95
-67
-218
-68
-146
-96
-154
-152
-107
-256
-77
-208
-99
-213
-21
-178
-17
-64
-35
-86
-120
36
-89
44
-79
-121
-207
-79
-220
-65
-29
-136
-61
-155
-121
-110
-189
-137
-191
-148
-118
-113
-147
-194
-67
-188
-96
-59
-194
-104
-69
-105
-87
-90
-10
-173
-193
-346
-184
-201
-248
-191
-168
-104
-285
-260
-165
-153
-224
-136
-152
-115
-162
-256
-195
-331
-200
-271
-127
-326
-130
-190
-143
-174
-93
-189
-128
-59
-153
1
-166
-120
-189
-61
-251
-165
-85
-260
-90
-191
-163
-48
-11
-64
-25
28
-9
-14
-21
6
-67
-31
-114
-44
-33
-109
-43
-60
-8
-62
-55
-10
2
-81
13
-40
8
-4
-92
-8
-164
-36
-101
-31
-100
3
-110
5
-31
-8
-58
-17
93
-44
86
-34
-22
-109
4
-83
-33
-1
-19
3
-55
-38
-23
-137
-41
1
-127
-41
-51
-58
-97
-127
-17
-19
-67
4
-15
-6
-27
-139
-70
-215
-54
-125
-69
-170
-16
-114
-5
-19
9
-27
-26
72
-22
66
-9
-32
-83
-20
-98
-3
-4
-66
-14
0
-66
-194
-66
2
-177
1
-65
-63
-89
-169
-123
-304
-106
-190
-102
-216
-27
-168
-52
-59
-39
-85
-113
58
-48
25
-79
-133
-182
-109
-249
-56
-36
-106
-63
-89
-130
-136
-71
-249
-57
-147
-55
-144
-17
-131
8
-34
-6
-16
-60
82
-31
54
-29
-41
-161
-44
-167
-13
18
-26
-7
-21
-23
-105
-254
-60
-133
-75
-160
-106
66
-64
39
-73
-147
-266
-113
-251
-62
-15
-145
-93
-164
-145
-65
66
-42
27
-42
-68
-139
-51
-150
-32
-2
-31
-41
-35
-52
25
-71
54
-88
69
159
26
29
-45
-9
-101
11
-142
-52
-185
-130
-7
-31
-84
-72
