-243
-244
-182
-106
-218
-169
-231
-134
-228
-214
-215
-164
-205
-139
-288
-212
-217
-214
-260
-180
-109
-213
-104
-225
-95
-217
-208
-243
-118
-234
-134
-275
-240
-271
-277
-148
-92
-235
-97
-205
-39
-215
-217
-282
-104
-266
-86
-237
-232
-212
-252
-64
-235
-75
-286
-49
-259
-220
-206
-50
-190
-45
-228
-174
-179
-198
-101
-7
-157
28
-167
-89
-158
-19
-129
-1
-78
-117
-85
-143
-205
-239
-139
-239
-219
-262
-78
-297
-148
-308
-234
-282
-255
-177
-32
-112
-116
-130
-16
-110
-49
-184
-141
-131
-121
-123
-245
-212
-236
-199
-235
-112
-271
-234
-315
-238
-76
-52
-117
41
-84
12
-110
-140
-97
-67
-211
-248
-100
-220
-144
-341
-236
-275
-250
-219
-82
-215
-76
-227
-194
-208
-196
-137
-276
-213
-278
-258
-262
-263
-114
80
-183
-94
-122
-77
-117
-257
-234
-254
-289
-124
-108
-89
-66
-264
-210
-225
-243
-223
-231
-248
-147
-81
-189
-179
-227
-104
-198
-259
-220
-178
-226
-189
-256
-221
-207
-236
-164
-114
-223
-183
-221
-170
-220
-250
-236
-193
-182
-152
-319
-200
-240
-211
-107
-218
-135
-238
-120
-255
-231
-153
-127
-175
-128
-256
-164
-187
-174
-157
-104
-187
-95
-132
-101
-95
-98
-129
-129
-160
-143
-62
-167
-229
-245
-231
-207
-226
-210
-158
-240
-197
-378
-207
-287
-224
-193
-177
-183
-173
-172
-160
-153
-118
-265
-238
-196
-143
-202
-221
-217
-222
-250
-229
-150
-331
-227
-290
-216
-142
-123
-111
-79
-145
-121
-293
-192
-210
-143
-213
-194
-185
-188
-146
-392
-201
-233
-211
-227
-165
-229
-147
-265
-219
-214
-224
-132
-225
-202
-247
-219
-166
-254
-145
-106
-277
-168
-237
-135
-158
-265
-197
-205
-237
-213
-149
-108
-125
-285
-245
-267
-218
-226
-179
-143
-135
-262
-112
-249
-92
-241
-249
-338
-157
-241
-102
-282
-261
-282
-293
-59
-170
-31
-133
-19
-219
-204
-139
-27
-117
-26
-164
-130
-176
-182
-102
-52
-136
-3
-185
-67
-116
-41
-120
-15
-95
-120
-63
-195
-171
-186
-136
-224
-220
-226
-129
-206
-157
-334
-219
-328
-279
-155
-19
-123
-106
-111
-73
-87
-70
-177
-193
-172
-115
-110
-209
-231
-210
-146
-266
-84
-218
-203
-341
-231
-73
-46
-94
21
-59
-14
-173
-186
-143
-73
-201
-226
-154
-196
-80
-326
-229
-236
-265
-204
-83
-217
-86
-232
-239
-234
-274
-149
-246
-260
-266
-260
-274
-252
-122
32
-186
-150
-193
-121
-87
-261
-242
-239
-324
-113
-143
-93
-109
-285
-229
-238
-277
-292
-242
-33
-160
-53
-164
-16
-156
-198
-107
-52
-104
-41
-176
-84
-151
-175
-104
-1
-135
51
-128
-94
-113
-9
-84
-6
-69
-66
-65
-144
-211
-213
-170
-226
-234
-247
-102
-220
-160
-312
-197
-342
-222
-161
6
-99
-114
-141
-63
-86
-57
-189
-150
-130
-88
-114
-213
-228
-224
-171
-247
-78
-214
-197
-302
-222
-92
-73
-106
5
-99
17
-132
-148
-93
-74
-220
-245
-121
-203
-114
-338
-217
-264
-212
-284
-91
-230
-91
-228
-216
-257
-219
-125
-279
-207
-243
-259
-280
-234
-103
34
-173
-99
-190
-92
-80
-217
-225
-261
-241
-102
-102
-99
-127
-252
-227
-232
-219
-214
-207
-94
-8
-142
-12
-127
-46
-41
7
42
28
-92
-54
-65
-140
-150
-217
-100
-196
-226
-176
-100
-205
-130
-291
-168
-257
-211
-131
-11
-116
-139
-42
-24
-15
-39
-157
-124
-130
-60
-117
-200
-180
-200
-123
-140
-62
-245
-181
-257
-228
-79
-88
14
12
-65
4
-130
-77
-102
-43
-208
-210
-59
-153
-57
-255
-176
-199
-230
-172
-108
-181
-81
-209
-175
-228
-237
-53
-124
-82
-164
-111
-142
-205
-13
57
-138
-31
-135
-67
-9
-128
-115
-171
-174
-64
-36
-56
-74
-151
-228
-194
-159
-167
-196
-69
-161
-58
-150
-98
-114
-23
-91
-44
-129
-100
-139
-179
-105
42
-44
-13
-31
-7
43
8
-53
-78
-60
-96
-58
-188
-142
-139
-104
-142
-41
-114
-135
-179
-170
-11
23
14
56
-9
55
-3
-51
-1
-30
-130
-192
-18
-137
-43
-162
-197
-88
-222
-87
-12
-86
1
-84
-107
-60
-161
-27
-139
-119
-96
-144
-78
-213
-2
65
-65
-39
-64
-87
-35
-29
-93
-81
-190
21
-20
9
-62
-102
-67
-98
-94
-177
-131
-240
-162
-171
-172
-181
-108
-154
-147
-309
-230
-289
-192
-197
-243
-230
-241
-184
-283
-121
-303
-240
-360
-250
-129
-158
-142
-23
-144
-89
-235
-211
-241
-120
-218
-254
-94
-279
-143
-332
-242
-314
-219
-206
-80
-213
-174
-323
-199
-298
-218
-90
-259
-235
-306
-234
-330
-237
-102
-6
-199
-89
-218
-114
-158
-313
-195
-346
-237
-197
-128
-205
-142
-328
-342
-257
-345
-219
-290
-114
-115
-124
-172
-149
-140
-113
-224
-224
-267
-107
-67
-10
-46
14
-33
10
-100
-134
-117
-22
-84
-99
-51
-98
-39
-240
-167
-163
-88
-99
-34
-87
-27
-179
-161
-192
-108
-19
-119
-97
-171
-168
-147
-93
-22
-4
-159
-100
-170
-58
-63
-156
-147
-181
-104
-90
-85
-142
-19
-187
-248
-160
-233
-163
-175
-132
-73
-113
-92
-124
-51
-146
-196
-210
-68
-183
-211
-146
-205
-67
-289
-220
-240
-197
-213
-134
-243
-85
-199
-202
-247
-207
-191
-299
-190
-218
-230
-289
-216
-168
-30
-217
-158
-282
-160
-117
-212
-232
-334
-220
-103
-60
-163
-72
-257
-269
-220
-282
-213
-231
-50
-76
85
-71
38
-177
-147
-105
-67
-91
50
-71
-7
-119
-116
-119
-54
31
-101
-63
-110
-154
-115
-84
62
121
-84
0
-109
54
-31
-114
-142
-166
-111
-46
-5
-38
8
-167
-160
-116
-204
-116
-108
-211
-98
-205
-80
-260
-185
-221
-226
-132
-240
-209
-328
-238
-264
-230
-88
24
-188
-99
-154
-102
-83
-281
-184
-235
-215
-97
-88
-92
-136
-343
-256
-317
-256
-212
-218
-85
-245
-201
-213
-222
-239
-212
-89
26
-173
-63
-171
-96
-112
-202
-207
-208
-242
-114
-47
-102
-106
-262
-230
-243
-210
-203
-273
-139
-14
-156
-93
-187
-148
-248
-287
-248
-240
-293
-201
-206
-152
-206
-273
-240
-251
-243
-219
-251
65
-164
-61
-141
-104
-38
31
-44
17
-194
-200
-170
-168
-97
-186
-78
-75
-83
-123
-255
-198
-240
-228
-251
-245
-84
-99
-99
-120
-86
-112
-220
-189
-205
-207
