-184
-63
-200
-75
-230
-217
-76
-182
-103
-238
-41
-185
-63
-53
-206
-274
-225
-219
40
-90
-40
-94
-193
22
-101
-34
-137
-1
-94
-35
-6
-220
-191
-102
-118
-163
52
-120
-175
28
-82
-29
-176
38
-76
70
53
-162
-52
-80
-73
-166
-319
-245
-170
-225
-172
-238
-141
-226
-82
-144
-219
-231
-279
-343
-99
-135
-50
-84
40
-99
6
-78
-20
53
-77
-130
-73
-69
-292
-123
-231
-130
-284
-174
-223
-107
-70
-244
-259
-231
-281
-151
-321
-154
-275
-51
-218
-186
-160
-287
-224
-228
-219
-106
-43
-153
-13
-94
-11
39
-108
-174
-87
-154
-151
-195
-59
-210
-69
-153
-220
-227
-236
-242
-167
-9
-189
-28
10
-126
-237
-97
-119
-73
-266
-53
-65
-212
-228
-270
-220
-109
-20
1
-145
-58
-113
-156
-72
-135
-288
-224
-227
-234
-4
-197
-204
-88
-84
-86
-89
-68
-131
-300
-214
-208
-214
-191
-270
16
-198
-118
-164
-206
-34
-109
-91
-147
-36
-159
-49
-80
-250
-284
-204
-154
-152
50
-58
-143
55
-68
-50
-151
-11
-56
71
51
-156
-141
-98
-77
-181
-290
-235
-175
-182
-202
-224
-164
-225
-78
-182
-224
-307
-236
-286
-97
-179
-2
-54
15
-97
-17
-88
-2
29
-94
-170
-60
-92
-247
-105
-162
-120
-211
-173
-251
-62
-111
-230
-271
-259
-226
-144
-258
-145
-204
-77
-223
-137
-155
-253
-253
-215
-228
-50
-61
-154
-12
-85
-24
36
-99
-252
-100
-184
-129
-164
-41
-165
-13
-120
-171
-226
-215
-149
-205
-49
-196
-12
17
-112
-281
-111
-116
-54
-223
-75
-87
-207
-286
-251
-188
-127
-13
-23
-123
-162
-80
-114
-76
-154
-269
-282
-209
-229
-34
-182
-200
-95
-83
-109
-158
-69
-142
-366
-238
-227
-317
-251
-221
1
94
37
-77
154
27
57
-32
74
34
92
95
-56
-40
36
41
-72
-115
-199
-4
-86
-92
-112
-42
-98
-38
-57
-131
-173
-115
-134
-28
-115
67
19
46
-17
21
-28
-12
63
-84
-90
9
-32
-214
28
-84
-29
-70
-56
-93
-11
-25
-144
-141
-97
-104
-68
-223
-150
-159
-90
-169
-143
-139
-208
-242
-161
-170
19
7
-53
99
37
41
76
-61
-117
11
-47
-59
-108
19
-126
-6
-49
-124
-168
-133
-78
-104
7
-90
-22
24
-101
-152
-95
-66
17
-93
-20
-60
-201
-187
-93
-100
-24
7
12
-112
-58
46
-50
-8
-60
-183
-169
-92
-87
4
-110
-125
11
-29
-91
-98
-34
-63
-269
-177
-152
-180
-141
-93
-58
-177
-225
-39
-145
-128
-238
-154
-157
-7
-87
-210
-180
-145
-170
32
-86
157
60
155
-34
92
58
115
177
-11
21
105
46
-194
24
-74
-34
-142
-69
-109
37
26
-151
-81
-86
-95
-68
-256
-119
-204
-71
-180
-94
-118
-201
-162
-128
-163
12
23
-93
78
40
117
171
-21
-29
48
-25
-104
-164
-5
-86
18
-11
-157
-85
-110
-68
-131
27
-93
25
85
-111
-101
-31
-26
-62
-157
-45
-16
-235
-159
-174
-161
-87
85
83
-101
28
23
-70
53
-24
-165
-90
-86
-79
127
-52
0
46
38
-22
30
38
-13
-190
-167
-148
-83
-85
-50
-211
-199
-87
-146
-60
-149
-120
-107
-49
-46
-148
-139
-71
-219
-368
-182
-276
-215
-285
-257
-328
-157
-253
-248
-287
-323
-352
-216
-295
-244
-202
-141
-227
-156
-271
-227
-232
-224
-282
-155
-167
-219
-98
-157
-102
-47
-151
-225
-160
-263
-198
-224
-161
-220
-122
-207
-213
-218
-218
-283
-241
-148
-224
-85
-112
-177
-270
-166
-238
-142
-246
-110
-159
-239
-242
-228
-288
-164
-72
-128
-181
-156
-154
-269
-117
-202
-266
-234
-254
-255
-96
-149
-202
-125
-160
-147
-177
-168
-266
-321
-230
-282
-250
-260
-326
-226
-17
-82
3
-101
-67
-109
-44
50
-98
-102
-74
-86
-82
-216
-30
-102
-68
-120
-124
-70
-142
-177
-124
-151
-23
59
-22
46
-1
-9
127
25
-67
41
-89
-13
-80
-8
-73
-29
60
-75
-93
-89
-77
-41
66
-11
17
141
40
-10
77
-6
38
-61
-19
53
-78
-99
-91
-78
-72
-20
76
-30
-29
36
-83
-7
24
-90
-88
-79
-85
26
-24
-112
-15
-33
47
35
78
8
-164
-64
-97
-113
-105
-59
-178
-334
-201
-274
-164
-289
-248
-218
-248
-273
-282
-263
-93
-50
-145
-50
-99
-33
21
-100
-148
-96
-146
-162
-231
-148
-208
-88
-148
-211
-217
-235
-223
-154
-85
-195
-50
10
-149
-197
-110
-138
-165
-240
-114
-85
-241
-240
-238
-230
-230
-97
-108
-194
-161
-141
-227
-65
-157
-290
-243
-256
-229
-30
-105
-154
-62
-105
-103
-88
-71
-164
-282
-265
-219
-239
-232
-243
-225
-147
-212
-61
-163
-157
-92
-128
-202
-138
-205
-256
-342
-177
-339
-242
-315
-278
-306
-316
-304
-198
-47
-203
-135
-134
-182
-235
-157
-147
-85
-219
-156
-172
-218
-227
-261
-204
-139
-65
-105
-128
-82
-73
-140
-147
-214
-259
-213
-211
-223
-116
-179
-223
-154
-160
-196
-182
-155
-208
-299
-249
-243
-227
-232
-218
-123
-133
5
-106
-34
-43
-104
-128
-115
-155
-143
-5
-130
-35
53
-50
-171
-55
-122
-25
-174
-109
-34
-166
-203
-142
-245
-44
20
102
-39
-83
-23
-122
-26
-33
-105
-154
-107
-133
44
-70
-171
-26
-100
9
-31
24
-71
-205
-105
-174
-164
-189
-143
-209
-77
-240
-60
-59
-164
-228
-197
-169
-79
-196
-93
-140
-228
-224
-250
-205
-153
-52
-31
-108
-70
-78
-162
-72
-248
-278
-198
-213
-209
-76
-145
-156
-90
-71
-147
-143
-123
-161
-252
-227
-220
-242
-209
-183
-65
-242
-98
-53
-183
-265
-167
-204
-129
3
25
-77
-65
-16
-82
-118
-96
-238
-245
-179
-206
14
-106
-156
-39
-40
-2
-69
5
-74
-275
-103
-127
-192
-154
-121
-111
-36
-19
-83
-89
-69
-180
-53
-143
-311
-236
-264
-213
-27
-150
-167
-89
-91
-121
-101
-94
-158
-317
-223
-235
-225
-245
-207
-67
-112
-236
-156
-118
-174
-25
-101
-82
-31
-99
-45
6
14
-123
-176
-145
-199
-88
-126
-173
-43
-149
-154
-58
-81
-161
-116
-154
-185
-329
-283
-236
-252
-194
-220
-87
-70
-9
-50
-252
-151
-125
-161
-144
-63
-150
-81
-165
-76
-120
-127
-314
-295
-228
-237
