-162
-129
-260
-269
-183
-273
-192
-117
-184
-233
-274
-255
-331
-293
-237
-233
-308
-193
-73
-114
-153
-120
-116
-81
-1
-56
-86
-142
-161
-215
-183
-126
-98
-79
-70
-116
-158
-107
-116
-89
1
-44
-99
-140
-120
-225
-86
-186
-112
-130
-89
-237
-234
-258
-175
-169
-156
-140
-252
-314
-276
-241
-227
-247
-238
-251
-288
-231
-131
-137
-169
-212
-225
-281
-335
-246
-232
-227
-220
-206
-236
-251
-114
-222
-200
-225
-288
-323
-308
-300
-226
-239
-176
-171
-127
-171
-278
-235
-295
-356
-241
-246
-258
-274
-213
0
-130
-145
-180
-175
-184
-183
-202
-164
-199
-92
-70
-69
-119
-113
-156
-101
-157
-102
-131
-82
-115
-215
-208
-233
-177
-171
-175
-181
-111
-180
-201
-257
-197
-231
-199
-225
-148
-258
-291
-246
-272
-257
-297
-200
-275
-232
-259
-320
-267
-180
-315
-268
-335
-352
-273
-245
-220
-287
-237
-238
-217
-254
-236
-206
-168
-85
-168
-184
-113
-143
-83
-35
-126
-139
-210
-244
-248
-193
-130
-143
-150
-90
-130
-191
-95
-135
-40
15
-87
-110
-117
-115
-198
-88
-175
-105
-130
-53
-240
-229
-250
-120
-179
-172
-168
-256
-321
-241
-264
-235
-243
-246
-161
-313
-255
-114
-166
-176
-241
-241
-331
-258
-240
-244
-211
-256
-157
-237
-174
-84
-211
-207
-212
-292
-246
-287
-323
-227
-230
-107
-123
-131
-176
-267
-230
-235
-246
-252
-258
-244
-236
-156
13
-83
-113
-107
-106
-109
-106
-113
-142
-153
24
-56
-105
-97
-111
-106
-90
-167
-84
-107
-46
-116
-243
-218
-232
-187
-142
-138
-216
-66
-186
-242
-258
-252
-260
-227
-258
-80
-246
-239
-237
-221
-234
-245
-103
-241
-248
-237
-315
-244
-124
-245
-215
-244
-242
-193
-233
-251
-247
-197
-221
-199
-165
-242
-149
-107
-66
-112
4
-32
-10
78
-1
-20
-98
-133
-149
-58
-87
-35
-8
-14
-115
-101
-115
-63
-23
-11
-16
-131
-215
-137
-176
-78
-80
-114
-119
-166
-136
-43
-41
-78
-115
-159
-257
-200
-179
-96
-122
-99
-105
-78
-117
52
-39
-63
-134
-213
-113
-175
-156
-75
-86
-24
-45
23
-12
-132
-131
-184
-167
-144
-84
-82
-79
-32
111
-4
-20
-102
-78
-78
-123
-30
-21
1
19
81
51
-8
-24
-46
-39
-32
40
29
48
-12
-122
-141
-143
-137
-24
-31
-39
14
-50
-140
-146
-154
-72
-61
-68
-24
-249
-211
-183
-143
-151
-146
-93
-234
-252
-172
-224
-170
-105
-254
-154
-164
-177
-123
-136
-141
-171
-122
-63
-78
-88
-68
-92
-9
-180
-107
-127
-36
-53
3
-30
-131
-177
-134
-98
-122
-93
-117
-96
-238
-201
-44
-51
-114
-138
-171
-186
-211
-151
-224
-151
-162
-124
-100
-103
19
-119
-99
-72
-177
-173
-135
-225
-83
-100
-42
-60
21
-46
-123
-120
-154
-166
-111
-184
-96
-101
-44
107
-3
-51
-38
-27
-100
-16
-27
-15
-17
71
68
51
22
36
-37
47
-57
22
26
20
11
-156
-72
-132
-29
-53
-24
-82
-3
-38
-90
-144
-88
-108
-85
-87
-2
-108
-174
-96
-147
-120
-117
-45
-126
-67
-152
-177
-121
-37
-179
-230
-165
-177
-175
-158
-73
-78
-95
-137
-94
-128
-87
-103
-27
-312
-264
-99
-238
-175
-160
-252
-401
-256
-255
-223
-234
-231
-210
-269
-178
-169
-156
-108
-227
-325
-236
-313
-280
-230
-248
-150
-116
-200
-94
-180
-286
-336
-277
-262
-249
-291
-247
-219
-20
-52
-32
-121
-176
-74
-115
-79
-93
-102
0
-62
-59
-134
-220
-137
-161
-200
-134
-150
-140
29
-202
-247
-175
-179
-74
-103
-148
-53
-69
-229
-150
-141
-130
-140
-170
-28
-303
-248
-254
-227
-244
-256
-157
-267
-272
-271
-350
-337
-216
-240
-166
-216
-243
-183
-217
-234
-238
-199
-195
-178
-224
-242
-188
-165
-323
-228
-234
-249
-261
-274
-387
-313
-337
-370
-302
-306
-166
-111
-173
-147
-239
-209
-308
-257
-240
-262
-213
-251
-159
-41
-49
-102
-98
-181
-114
-101
-86
-100
-96
-58
-105
-129
-135
-204
-168
-165
-175
-174
-151
-134
-103
-184
-264
-227
-189
-150
-155
-190
-128
-150
-308
-264
-252
-231
-182
-233
-137
-308
-235
-246
-217
-259
-219
-143
-301
-326
-301
-386
-315
-212
-248
-209
-275
-250
-223
-248
-225
-234
-251
-214
-179
-228
-222
-228
-134
-164
-97
-157
-282
-212
-313
-227
-284
-314
-228
-213
-75
-33
-141
-127
-156
-192
-159
-212
-261
-155
-155
-48
-56
-100
-104
-122
-111
-155
-239
-101
-92
-47
-109
-217
-283
-234
-236
-234
-149
-207
-66
-140
-250
-210
-236
-265
-184
-224
-62
-277
-228
-263
-295
-236
-224
-99
-240
-335
-333
-317
-277
-153
-296
-340
-208
-239
-193
-380
-285
-266
-198
-285
-260
-232
-221
-168
-81
9
-26
-120
-82
-122
-103
-115
-143
-113
-101
8
-48
-125
-97
-116
-119
-94
-170
-78
-134
-34
-101
-152
-146
-173
-140
-89
-85
-132
0
-189
-218
-264
-275
-290
-222
-276
-57
-232
-214
-204
-233
-218
-216
-95
-242
-222
-309
-338
-278
-60
-214
-191
-268
-219
-180
-217
-209
-209
-198
-209
-195
-189
-226
-176
-127
58
59
31
31
30
39
-38
29
43
85
7
-116
-106
-111
-73
-22
-24
-53
58
-39
-94
-90
-103
-78
-67
-92
33
-106
-92
-88
-83
-96
-104
52
-76
-107
-93
-122
-100
23
-122
-88
-105
-97
-25
-108
-124
-114
-69
-112
-66
-42
-126
-45
47
15
-71
-72
-69
-78
-49
-54
-52
-13
12
-77
-79
-107
-135
-61
-71
4
-101
-91
-112
-162
-110
-92
-35
-54
-88
-165
-118
-102
-32
-104
-173
-93
-108
-68
-170
-89
-91
-110
-146
-112
-123
-89
-79
-26
-88
-124
-119
-118
-87
-55
-113
26
-237
-244
-211
-160
-177
-198
-57
-208
-218
-122
-229
-202
-78
-233
-183
-163
-259
-141
-181
-158
-233
-132
-61
-93
-65
-149
-60
-51
-147
-156
-167
-156
-166
-159
-27
-204
-226
-219
-262
-195
-59
-241
-238
-235
-250
-138
-248
-237
-240
-128
-199
-201
-128
-255
-111
-59
-231
-213
-250
-337
-244
-106
-236
-212
-253
-236
-136
-249
-222
-239
-173
-232
-204
-158
-251
-148
-107
-239
-201
-255
-243
-172
-231
-282
-249
-167
-290
-187
-142
-314
-243
-117
-191
-248
-235
-249
-171
-206
-218
-236
-188
-158
-212
-215
-234
-216
-231
-150
-179
-169
-114
-154
