-214
-324
-157
-354
-234
-149
-214
-323
-239
-213
-197
-236
-180
-178
-262
-206
-183
-122
-327
-102
-296
-219
-255
-232
-316
-216
-221
-239
-252
-192
-242
-300
-280
-159
-127
-214
-320
-298
-232
-379
-357
-295
-332
-344
-351
-285
-292
-330
-353
-265
-205
-181
-54
-111
-165
-199
-75
-151
-65
-161
-144
-88
-111
-118
-90
-35
-272
-252
-338
-361
-242
-354
-265
-322
-243
-280
-366
-350
-194
-245
-208
-303
-362
-225
-214
-194
-213
-183
-217
-283
-214
-147
-110
-157
-261
-138
-158
-117
-160
-144
-150
-172
-136
-149
-112
-304
-188
-286
-220
-250
-192
-259
-275
-308
-219
-238
-280
-298
-279
-308
-330
-313
-363
-318
-268
-223
-219
-143
-243
-209
-111
-244
-154
-146
-124
-221
-208
-187
-192
-265
-226
-249
-149
-237
-171
-195
-302
-239
-148
-124
-220
-231
-248
-288
-197
-153
-204
-235
-191
-106
-191
-325
-229
-208
-117
-309
-246
-192
-196
-189
-125
-249
-156
-308
-231
-162
-226
-230
-238
-212
-230
-220
-202
-209
-229
-236
-139
-99
-194
-286
-211
-84
-324
-224
-231
-225
-228
-239
-194
-199
-212
-222
-188
-74
-253
-161
-61
-235
-205
-122
-183
-141
-208
-213
-154
-154
-160
-132
-52
-285
-215
-326
-310
-265
-348
-286
-309
-301
-280
-287
-309
-220
-177
-147
-270
-272
-240
-220
-207
-231
-203
-202
-227
-237
-166
-83
-98
-130
-104
-76
-75
-82
-106
-94
-87
-98
-62
-16
-212
-232
-311
-228
-232
-198
-217
-212
-334
-175
-163
-178
-209
-243
-211
-319
-204
-201
-271
-205
-97
-203
-143
-209
-187
-158
-224
-188
-114
-108
-220
-229
-214
-178
-206
-193
-203
-94
-287
-199
-203
-211
-212
-128
-58
-203
-226
-194
-229
-218
-88
-162
-177
-183
-147
-133
-207
-207
-191
-42
-213
-208
-95
-156
-89
-79
-146
-249
-239
-175
-323
-232
-234
-240
-308
-250
-251
-332
-240
-268
-137
-101
-173
-120
-89
-173
-187
-80
-185
-103
-193
-124
-132
-113
-159
-10
-17
-229
-179
-272
-246
-235
-268
-240
-264
-206
-251
-226
-278
-120
-167
-215
-311
-323
-240
-219
-289
-251
-180
-240
-236
-296
-105
-94
-138
-187
-102
-122
-149
-158
-144
-167
-170
-160
-68
-84
-225
-208
-252
-273
-304
-200
-240
-242
-360
-176
-177
-209
-220
-253
-247
-258
-254
-230
-284
-188
-72
-221
-176
-214
-178
-192
-224
-179
-73
-86
-269
-195
-213
-225
-219
-232
-164
-82
-294
-253
-280
-281
-249
-135
-98
-246
-226
-243
-266
-175
-92
-204
-206
-208
-94
-106
-242
-248
-216
-95
-255
-174
-90
-166
-116
-24
-209
-139
-97
-321
-220
-145
-262
-187
-267
-201
-179
-165
-178
-137
-84
-226
-120
-322
-236
-210
-291
-237
-256
-211
-209
-247
-293
-136
-169
-149
-321
-295
-229
-219
-217
-210
-210
-259
-224
-228
-187
-84
-119
-118
-56
-82
-79
-97
-132
-92
-94
-106
-74
-26
-306
-242
-390
-367
-359
-287
-319
-279
-377
-242
-233
-249
-250
-227
-244
-284
-204
-231
-242
-242
-115
-246
-167
-250
-236
-159
-214
-176
-129
-100
-256
-232
-226
-220
-218
-229
-236
-130
-266
-218
-228
-242
-282
-132
-98
-224
-218
-242
-249
-250
-107
-217
-209
-242
-176
-144
-230
-233
-227
-120
-227
-227
-101
-170
-111
-110
-150
-122
-256
-186
-136
-260
-157
-279
-166
-157
-154
-144
-80
-132
-85
-195
-165
-59
-107
-71
-169
-92
-70
-87
-90
-51
-13
-97
-136
14
-75
-15
-61
-123
-31
-58
-29
-36
12
-201
-105
-267
-191
-208
-231
-129
-120
-210
-137
-128
-116
-235
-153
-239
-245
-172
-158
-159
-125
-96
-116
-53
-188
-119
-39
-89
8
9
-7
-170
-254
-166
-144
-153
-194
-138
-100
-158
-111
-94
-99
-126
-37
-24
-234
-149
-121
-209
-129
-52
-131
-122
-156
-76
-104
-95
-110
-98
-8
-123
-60
-6
-66
-20
-6
-214
-332
-283
-221
-277
-190
-218
-184
-197
-209
-208
-84
-137
-187
-172
-107
-164
-80
-139
-125
-92
-140
-131
-61
-95
-307
-243
-375
-293
-314
-259
-293
-280
-355
-239
-256
-238
-297
-212
-246
-261
-217
-254
-207
-174
-162
-237
-146
-220
-204
-146
-248
-144
-84
-120
-282
-293
-260
-251
-267
-305
-178
-163
-264
-188
-224
-233
-227
-102
-177
-220
-221
-236
-249
-175
-161
-176
-178
-168
-82
-191
-234
-203
-151
-155
-216
-170
-181
-86
-151
-95
-216
-259
-114
-106
-127
-132
-179
-148
-159
-141
-95
-69
-352
-243
-334
-283
-311
-229
-288
-288
-372
-232
-181
-265
-302
-357
-296
-301
-322
-300
-343
-222
-114
-178
-155
-217
-179
-148
-248
-183
-80
-49
-214
-215
-211
-229
-220
-225
-145
-69
-200
-207
-219
-233
-240
-82
-48
-211
-229
-265
-250
-164
-82
-188
-177
-190
-76
-72
-263
-230
-163
-53
-240
-156
-94
-94
-126
-12
-138
-56
-153
-96
-113
-130
-63
-74
-134
-86
-92
-104
-127
-114
-145
-218
-115
-168
-138
-124
-33
-47
-10
-59
-120
-52
-103
6
-11
13
-62
-77
-140
-69
-82
-74
-98
-11
-89
-106
-80
-94
-54
21
0
-136
-32
-93
-92
-49
10
-67
-104
-100
-47
-97
-114
-46
-66
26
-103
-60
-7
-48
-6
14
-176
-281
-224
-260
-235
-228
-207
-306
-188
-165
-234
-131
-209
-210
-118
-182
-221
-116
-130
-342
-269
-290
-332
-281
-357
-252
-236
-251
-206
-254
-235
-324
-194
-134
-232
-237
-228
-353
-213
-140
-211
-194
-286
-144
-166
-270
-317
-190
-162
-327
-221
-153
-233
-260
-136
-205
-146
-269
-275
-173
-225
-150
-128
-96
-229
-210
-285
-214
-216
-212
-234
-101
-285
-293
-239
-232
-248
-161
-58
-285
-229
-223
-257
-233
-98
-254
-273
-298
-183
-206
-252
-244
-254
-113
-225
-222
-87
-206
-92
-105
-190
-212
-163
-148
-193
-179
-140
-111
-180
-171
-114
-163
-122
-5
6
-286
-141
-242
-212
-109
-104
-168
-174
-190
-82
-113
-166
-100
-72
-23
-211
-122
-85
-16
-59
-1
-278
-215
-214
-236
-235
-164
-100
-217
-202
-192
-232
-179
-89
-200
-215
-206
-155
-149
-227
-218
-212
-64
-215
-222
-84
-163
-96
-63
-246
-244
-243
-259
-154
-118
-188
-223
-161
-92
-141
-276
-222
-189
-128
-279
-150
-107
-150
-67
-50
-198
-176
-218
-150
-137
-224
-221
-259
-78
-225
-160
-79
-191
-99
-45
-233
-187
-162
-102
-181
-145
-102
-82
-144
-108
-240
-261
-111
-168
-113
-73
-193
-110
-95
-49
