-232
-64
-215
-121
-223
-259
-209
-207
-130
-242
-154
-209
-142
-101
-267
-120
-227
-241
-215
-289
-120
-219
-203
-246
-90
-82
-11
-53
-50
-87
-79
-40
-119
-35
-151
8
-102
-229
-269
-252
-228
-167
-241
-242
-217
-104
-190
-151
-111
-120
-22
-124
-31
-139
-47
-232
-244
-239
-101
-209
-224
-237
-85
-351
-262
-120
-241
-179
-256
-89
-179
-148
-213
-261
-210
-101
-223
-224
-239
-250
-92
-193
-99
-126
-80
-232
-242
-105
-133
-63
-213
-83
-221
-132
-211
-242
-217
-230
-90
-243
-214
-224
-134
-92
-32
-77
-68
-87
-62
-8
-162
-25
-163
-56
-118
-196
-244
-225
-226
-87
-240
-168
-217
-111
-148
-166
-106
-60
50
-107
-13
-82
-34
-243
-221
-217
-96
-245
-125
-213
-105
-324
-231
-98
-249
-167
-260
-129
-182
-85
-202
-183
-225
-131
-145
-267
-149
-220
-89
-160
-45
-95
-45
-196
-221
-123
-105
-11
-173
-92
-50
-78
-97
-87
-118
-29
-196
-75
-158
-56
-134
-188
-237
-219
-237
-55
-230
-191
-211
-81
-156
-184
-94
-111
52
-109
-105
-90
-70
-231
-216
-259
-89
-224
-242
-252
-85
-324
-225
-100
-240
-226
-218
-115
-219
-95
-215
-225
-196
-93
-173
-239
-192
-237
-157
-152
-134
-84
-41
-251
-217
-141
-128
-85
-155
1
-79
-83
-76
-74
-11
-109
-58
-160
-31
-62
-93
-53
24
29
-38
14
-64
-25
-87
-77
-41
-14
-129
-85
-99
25
-126
-77
-44
-159
-101
-147
-25
-87
-34
-110
-37
-141
-26
-41
-109
-57
-161
-4
-113
-26
-31
0
-142
-175
-53
-73
11
-128
-156
-185
-94
-93
42
-98
-115
-133
-47
-208
-216
-224
-82
-217
-195
-206
-59
-306
-228
-105
-236
-257
-249
-110
-218
-112
-212
-210
-223
-118
-192
-255
-245
-219
-95
-173
-92
-80
-35
-258
-259
-105
-165
-108
-190
-246
-156
-135
-36
-193
-108
-197
-114
-216
-191
-70
-183
-165
-135
-99
-79
48
-90
-41
-93
-11
-61
-75
-115
-115
-49
-13
33
43
-13
-92
-85
-47
-23
-23
-113
-268
-184
-146
-251
-200
-209
-122
-230
-84
-251
-228
-227
-104
-102
-252
-191
-193
-106
-166
-54
-104
-9
-247
-203
-119
-125
-95
-127
-309
-136
-276
-289
-309
-162
-153
-231
-222
-257
-94
-142
-115
-85
-38
-265
-211
-128
-169
-133
-168
-180
-214
-268
-215
-109
-132
-68
-95
-10
-226
-227
-100
-119
-67
-172
-199
-151
-101
-92
-211
-230
-91
-180
-109
-187
-158
-139
-79
-16
-39
-63
-187
-98
-144
-114
