-213
-152
-195
-176
-209
-221
-126
-233
-181
-220
-258
-243
-265
-200
-119
-233
-75
-265
-168
-196
-196
-204
-264
-137
-226
-147
-218
-222
-179
-216
-228
-163
-242
-78
-230
-146
-83
-141
-88
-11
-107
-17
-113
-82
-91
-154
-121
-13
-184
-32
-114
-201
-213
-277
-95
-224
-91
-205
-211
-195
-230
-242
-74
-245
-115
-228
-217
-206
-124
-308
-88
-193
-184
-222
-205
-175
-127
-239
-69
-222
-230
-135
-266
-111
-230
-258
-198
-305
-226
-124
-317
-70
-234
-88
-288
-77
-335
-242
-242
-276
-224
-119
-238
-141
-236
-97
-7
-122
-159
-89
-77
-99
-51
-143
2
-101
-173
-227
-245
-174
-268
-208
-91
-272
-66
-271
-145
-106
-83
-169
-147
-54
-112
-36
-178
-210
-232
-285
-217
-120
-263
-82
-236
-146
-303
-235
-99
-267
-86
-219
-138
-291
-111
-243
-85
-255
-283
-103
-231
-129
-221
-104
-244
-87
-252
-206
1
-120
-65
-250
-112
-213
-207
-210
-228
-267
-127
-207
-210
-212
-194
-207
-204
-227
-149
-222
-83
-265
-223
-157
-209
-144
-96
-160
-171
-153
-154
-140
-208
-180
-65
-235
-104
-161
-166
-213
-265
-78
-199
-177
-185
-217
-143
-266
-214
-92
-212
-59
-221
-183
-196
-159
-306
-158
-216
-209
-208
-264
-189
-153
-223
-63
-242
-213
-131
-219
-230
-227
-218
-182
-306
-252
-115
-212
-45
-273
-84
-292
-145
-329
-218
-229
-264
-202
-101
-190
-135
-258
-115
-76
-93
-183
-89
-109
-86
-8
-160
-26
-117
-266
-230
-236
-173
-259
-228
-76
-222
-104
-262
-225
-182
-130
-265
-207
-50
-182
-58
-211
-213
-165
-222
-210
-160
-223
-79
-235
-127
-331
-234
-88
-229
-85
-252
-160
-175
-78
-218
-54
-217
-238
-105
-257
-167
-251
-80
-215
-75
-211
-175
43
-87
-107
-240
-103
-239
-128
-193
-144
-89
-161
-168
-173
-162
-124
-194
-176
-136
-232
-75
-162
-206
-201
-283
-102
-228
-173
-214
-218
-163
-216
-239
-155
-220
-93
-219
-215
-266
-99
-322
-156
-218
-224
-218
-242
-231
-245
-229
-92
-224
-247
-123
-229
-177
-193
-185
-149
-227
-240
-152
-215
-78
-211
-69
-285
-188
-356
-244
-217
-230
-259
-217
-259
-134
-238
-109
-104
-109
-155
-65
-125
-108
-117
-137
-19
-111
-232
-227
-226
-180
-227
-224
-144
-213
-91
-274
-237
-154
-152
-225
-216
-159
-178
-124
-202
-213
-200
-241
-235
-234
-234
-89
-218
-102
-284
-218
-178
-215
-110
-235
-150
-174
-142
-226
-45
-196
-249
-182
-244
-177
-245
-177
-248
-88
-246
-261
-58
-201
-88
-250
-108
-123
-194
-128
-88
-164
-88
-154
-156
-68
-241
-190
-74
-240
-78
-176
-141
-107
-65
-145
-68
-79
-107
-74
-166
-120
-82
-179
-14
-102
-160
-43
-133
-140
-106
-120
-44
-243
-135
-53
-233
-50
-125
-1
-106
-30
-154
-100
-79
-156
-116
-23
-149
-70
-91
-62
-52
-46
-52
-27
-130
-39
-54
-146
-21
-52
-115
-95
-111
-49
-169
-114
-29
-159
-12
-131
-115
0
-50
-179
-108
-41
-108
-45
-97
-94
-75
-173
-113
-88
-162
-8
-106
-16
-246
-123
-47
-198
-74
-97
-78
-131
-33
-150
-33
-120
-205
-79
-227
-159
-193
-66
-180
-80
-149
-187
-14
-86
-109
-166
-62
-204
-222
-81
-318
-87
-204
-194
-141
-216
-196
-112
-199
-40
-234
-292
-80
-225
-109
-214
-216
-126
-302
-221
-126
-239
-62
-218
-89
-299
-116
-334
-244
-151
-239
-225
-137
-240
-176
-244
-113
-33
-84
-137
-23
-107
-110
-35
-136
-13
-123
-158
-233
-215
-115
-299
-237
-92
-233
-94
-261
-143
-106
-67
-162
-202
-49
-116
-45
-171
-190
-130
-224
-221
-128
-222
-85
-204
-34
-332
-222
-98
-221
-81
-223
-90
-154
-1
-155
12
-217
-258
-136
-268
-160
-222
-112
-223
-96
-261
-191
19
-114
-124
-248
-116
-207
-171
-352
-111
-245
-205
-192
-278
-227
-191
-222
-58
-270
-156
-351
-110
-346
-220
-237
-224
-205
-218
-216
-153
-280
-184
-83
-104
-191
-111
-180
-111
-135
-174
-56
-178
-230
-329
-340
-188
-340
-308
-226
-326
-108
-289
-164
-78
-103
-171
-142
-91
-80
-47
-167
-223
-187
-212
-233
-193
-222
-92
-212
-118
-328
-202
-164
-204
-79
-253
-171
-247
-150
-194
-59
-234
-241
-165
-208
-190
-237
-147
-207
-89
-254
-264
-42
-179
-95
-203
-90
-67
-264
-84
-381
-232
-183
-224
-197
-121
-215
-120
-233
-85
-36
-79
-180
-22
-102
-113
-20
-179
-10
-106
-215
-231
-224
-99
-318
-214
-104
-213
-112
-235
-183
-136
-91
-250
-207
-37
-115
-67
-224
-257
-147
-269
-210
-119
-269
-36
-197
-60
-382
-236
-71
-217
-79
-209
-142
-137
-36
-185
-8
-191
-271
-115
-314
-178
-271
-88
-218
-71
-222
-234
-3
-139
-144
-237
-101
-86
24
-154
-129
-65
-80
-79
-64
-118
-15
-92
-191
-351
-265
-158
-234
-211
-127
-260
-156
-273
-210
-94
-136
-146
-138
-52
-101
-65
-141
-310
-261
-343
-297
-227
-292
-192
-283
-123
-301
-208
-112
-216
-171
-219
-156
-213
-101
-207
-139
-252
-226
-110
-203
-237
-251
-119
-209
-163
-242
-195
-56
-155
-154
-235
-177
-92
-82
-138
-31
-105
-76
-46
-181
-2
-132
-87
-44
-14
-108
-51
-6
-95
-5
-99
-115
-58
-105
-88
-105
-138
-7
-83
-22
-232
-154
-97
-195
-80
-130
-46
-106
-51
-112
0
-110
-117
-43
-173
-116
-120
-48
-134
-14
-105
-129
33
-59
-66
-174
-51
-220
-183
-77
-245
-189
-86
-165
-89
-224
-216
-142
-234
-218
-165
-234
-84
-260
-40
-351
-216
-81
-238
-82
-281
-138
-138
-27
-197
10
-168
-232
-99
-288
-193
-236
-100
-205
-66
-211
-173
30
-99
-127
-240
-108
-110
-149
-196
-212
-164
-193
-57
-216
6
-241
-179
-40
-115
-25
-140
-100
-137
-58
-82
-26
-153
-219
-83
-174
-136
-195
-80
-169
-101
-208
-111
-39
-87
-5
-155
-125
-41
-270
-179
-158
-226
-48
-181
-168
-182
-145
-191
-58
-189
-230
-155
-243
-192
-228
-191
-232
-69
-232
-275
-50
-187
-80
-219
-98
-75
-118
-29
-152
12
-87
-293
-157
-334
-232
-298
-98
-239
-88
-226
-199
1
-129
-91
-255
-99
-174
-63
-200
-87
-158
-91
-223
-96
-253
-188
8
-163
-54
-233
-86
-110
-241
-199
-231
-222
-64
-137
-180
-256
-203
-214
-28
-133
-68
-260
-97
-76
-220
-65
-103
