-148
-116
-16
-90
-213
-59
-123
-35
-91
-76
-180
-104
-111
-137
-124
-164
-148
-37
-162
-50
-178
-263
-112
-220
-144
-93
-97
-231
-215
-233
-234
-229
-212
-239
-161
5
-38
-164
-50
-116
-117
-79
-76
-170
-184
-146
-171
-115
-168
-135
-120
10
-118
-3
-119
-71
-35
37
-137
-84
-45
-37
-67
-75
-180
-61
-117
-21
-89
-72
-41
-41
-96
-129
-63
-120
-169
-135
-94
-63
-107
-253
-230
-123
-104
-232
-241
-177
-215
-208
-240
-229
-241
-89
-92
-30
-38
-93
-83
-58
-91
-125
-47
-86
-71
-87
-150
-66
-215
-199
-146
-207
-195
-169
-234
-135
-106
-60
-146
-177
-163
-172
-106
-145
-91
-107
-45
-155
-176
-89
-96
-94
-132
-105
-68
-165
-163
-97
-80
-143
-150
-115
-83
-181
-219
-211
-203
-215
-211
-164
-208
-204
-274
-165
-208
-132
-190
-187
-165
-174
-146
-217
-205
-221
-190
-142
-207
-201
-290
-166
-171
-24
45
-79
-171
-25
-88
52
26
35
-182
-102
-62
-92
-90
-146
-112
35
97
12
-60
-13
-17
29
0
9
-115
-62
-21
-32
-24
-107
-45
66
111
-21
28
-41
127
47
108
-103
22
24
55
34
-63
-25
93
-75
-1
-15
33
16
18
-107
-65
17
-43
-111
-133
-6
40
-50
-145
-27
-41
-35
-176
-132
-39
-105
-122
-236
-176
-59
-42
52
-1
8
-104
-25
-14
-26
-106
-78
-39
35
27
-92
-25
-167
-104
-49
-90
-108
-156
-88
22
60
85
-20
10
6
-26
42
-54
35
80
40
-126
-130
21
14
-26
-107
-13
69
-127
-83
16
12
-94
-113
-36
52
-165
-125
-118
-172
-219
-167
-39
-89
-103
-127
-172
-90
27
-81
-68
-117
-117
61
-92
-134
-100
-43
-167
-79
-57
-195
-108
5
35
-107
-75
-50
-84
-29
-52
-61
-150
-168
-95
-165
-105
-167
-119
-38
-32
-85
-36
-144
-4
-32
47
-168
-136
-55
-102
-98
-191
-192
-65
-200
-95
-218
-78
-102
-84
-178
-232
-157
-216
-274
-260
-173
-105
-100
-191
-132
-107
-150
-246
-199
-171
-260
-212
-285
-237
-202
-104
-52
-32
-61
-157
-78
-60
-102
-193
-144
-114
-58
-66
-176
-116
-197
-197
-147
-206
-234
-216
-236
-95
-54
-21
-101
-132
-52
-183
-116
-141
-96
-22
-24
-188
-207
-89
-101
-110
-221
-111
-55
-176
-135
-113
-91
-190
-173
-99
-37
-221
-238
-272
-229
-234
-244
-109
-251
-227
-247
-212
-234
-86
-213
-223
-215
-239
-77
-235
-247
-249
-179
-232
-236
-217
-327
-155
-122
116
47
37
-27
49
35
73
-27
-30
13
-6
35
-7
-35
16
-9
7
-22
9
2
-13
-42
-149
6
-81
-85
-109
-29
-1
-28
-93
-55
-32
-82
-153
-145
-48
-189
-78
-189
-90
-87
-30
-2
-12
-33
-44
-80
-23
-106
-71
-59
18
-5
-8
-96
-20
-142
-152
-35
-153
-127
-142
-98
-37
-12
0
-40
-114
-15
-122
-38
-101
0
0
-19
-129
-141
-45
-71
-57
-123
-19
-14
-117
-130
-45
-54
-84
-135
-26
-6
-168
-136
-178
-152
-158
-139
-72
-134
-236
-168
-231
-178
-61
-147
-128
-133
-104
-39
-153
-184
-184
-115
-145
-101
-110
-217
-157
-38
50
33
25
49
27
84
-14
-51
60
21
-36
-35
-47
39
-36
-170
-79
15
47
-125
-116
-6
-73
-77
-169
-147
-118
-78
-5
4
5
-42
-22
5
-19
-40
-41
-64
-15
-37
-108
-34
-194
-202
-93
-107
-173
-213
-202
-127
4
50
-38
-100
-26
-49
6
-94
-73
-19
17
-106
-130
-3
-32
-41
-96
-107
-9
-57
-39
53
78
-34
-46
-18
-8
-172
-78
-140
-146
-167
-225
-123
-145
-115
-223
-167
-214
-77
-57
-94
-108
-166
-60
-94
-160
-151
-92
-86
-134
-89
-305
-123
-102
-44
-157
-42
-42
-19
-83
-138
-8
-97
-173
-180
-95
-61
-42
17
14
-5
14
-55
-11
-35
-102
-70
18
-38
17
-68
-17
-64
-206
-43
-124
-233
-202
-113
-48
-2
4
-16
-123
-5
-103
-102
-127
-11
-16
11
-55
-148
-9
-59
-91
-151
-40
-40
-52
-155
-16
-14
-144
-113
-21
-4
-115
-60
-119
-166
-153
-87
-48
-164
-195
-264
-214
-169
-91
-89
-138
-138
-74
-18
-187
-199
-113
-135
-219
-155
-169
-182
-172
-40
-122
-96
-35
-8
-97
-100
-37
-86
-111
-133
-99
-94
-165
-189
-114
-193
-225
-101
-195
-214
-276
-218
-213
-42
-44
-132
-177
-81
-212
-137
-221
-126
-203
5
-108
-167
-29
-93
-101
-182
-112
-90
-121
-128
-31
-85
-188
-212
-100
-93
-228
-143
-214
-204
-248
-212
-186
-204
-201
-274
-302
-195
-145
-125
-161
-200
-173
-92
-176
-259
-225
-243
-241
-183
-236
-341
-287
-193
-5
-98
-52
-90
-104
-56
-81
-202
-108
-119
-55
-6
-1
-24
-93
-45
-88
-46
-45
1
-28
-17
-51
-96
-38
-4
-54
-60
-47
-43
-66
-99
-11
-29
-136
-111
-46
-25
-92
-63
-96
-148
-62
-104
-73
-121
-109
-192
-73
-89
-67
-96
-130
-75
-86
-51
-149
-106
-109
-116
-87
-115
-137
-127
-104
-59
-51
28
-59
-146
-31
-136
-96
-113
-74
-21
-59
-204
-304
-96
-147
-216
-230
-198
-104
-137
-155
9
-83
-201
-169
-110
-53
-202
-162
-220
-231
-208
-218
-98
-199
-252
-281
-193
-213
-123
-143
-159
-144
-201
-62
-243
-228
-224
-166
-215
-234
-208
-332
-172
-117
27
-61
-133
-4
-52
-53
-117
-6
-30
-112
-126
-24
-67
-59
-127
15
-8
-134
-61
-132
-106
-131
-82
-58
-138
-219
-177
-213
-104
-91
-147
-94
-135
-101
-54
-183
-194
-125
-144
-111
-46
-115
-174
-147
-55
-127
-130
2
-38
-108
-144
-17
-73
-244
-106
-152
-174
-183
-162
-127
-157
-237
-179
-238
-206
-149
-83
-97
-123
-122
-56
-101
-167
-122
-99
-124
-76
-85
-192
-149
-44
-206
-127
-134
-192
-192
-168
-132
-160
-201
-253
-233
-143
-102
-82
-126
-138
-85
-28
-203
-154
-109
-109
-206
-146
-200
-203
-158
-86
-196
-218
-284
-214
-221
-121
-241
-218
-195
-223
-128
-237
-224
-247
-193
-205
-194
-219
-296
-162
-149
-252
-252
-259
-245
-93
-336
-241
-241
-181
-262
-269
-224
-260
-155
-121
-249
-208
-251
-177
-176
-227
-161
-279
-147
-109
-213
-233
-265
-269
-247
-178
-280
-231
-174
-237
