-101
-217
-128
-166
-298
-182
-159
-205
-200
-195
-131
-141
-181
-118
-141
-170
-222
-182
-149
-48
-19
-76
-61
39
-49
-120
-38
2
-25
-108
-32
-73
-30
-126
-83
-121
-160
-277
-209
-76
-156
-163
-180
-65
-133
-137
-140
-142
-141
-234
-182
-74
-161
-102
-30
-91
-104
-142
-8
-78
-81
-34
-88
-31
-156
-84
-172
-103
-55
-86
-105
-148
10
-136
-119
-30
-76
-82
-175
-83
-205
-111
-199
-140
-154
-106
-187
-186
-102
-133
-153
-218
-225
-94
-106
-112
-104
-78
-118
-107
-84
-87
-135
-227
-109
-65
-72
-58
77
-25
-24
32
-13
8
-77
-24
-89
-87
-40
-75
-105
-70
-55
-105
-168
-89
-108
-27
-181
-165
-59
-87
-45
-140
-98
26
-165
-121
-101
-156
-89
-173
-123
23
-40
-9
-4
13
-82
-54
-115
-17
-73
-102
-124
-91
-77
-113
-74
-159
-83
-49
-51
-120
-12
-67
-180
-79
-141
-76
-167
-145
-167
-111
-181
-129
14
-190
-151
-120
-102
-89
-187
-84
-175
-120
-156
-187
-221
-237
-347
-301
-131
-297
-225
-249
-135
-233
-235
-170
-228
-240
-254
-205
-207
-324
-254
-121
-283
-235
-215
-184
-185
-226
-137
-228
-154
-227
-218
-289
-258
-166
-314
-257
-240
-179
-208
-225
-163
-248
-221
-241
-231
-352
-194
-410
-248
-319
-239
-347
-310
-220
-288
-277
-307
-366
-219
-284
-245
-243
-264
-247
-255
-165
-252
-265
-307
-236
-184
-189
-196
-42
-164
-127
-27
-134
-109
-108
-145
-303
-309
-249
-294
-311
-210
-294
-259
-295
-330
-235
-157
-310
-316
-132
-252
-214
-236
-242
-175
-255
-251
-215
-279
-231
-229
-252
-132
-168
-129
-168
-126
-159
-224
-247
-137
-246
-219
-200
-248
-147
-239
-179
-224
-226
-107
-117
-112
-124
-210
-243
-262
-175
-217
-214
-218
-166
-234
-225
-12
-168
-203
-172
-96
-158
-221
-162
-231
-141
-195
-184
-145
-143
-173
-13
-141
-222
-209
-93
-147
-207
-101
-259
-125
-148
-218
-84
-121
39
-101
-159
-112
-23
-106
-167
-29
-169
-65
-147
-147
-118
9
-163
-145
-104
-48
-143
-182
-75
-135
-108
-143
-273
-3
-103
-159
-129
-77
-112
-171
-67
-151
-92
-197
-175
26
-63
16
98
24
-54
118
-11
96
-9
-13
-157
-89
-58
-90
-140
-52
-146
-122
-151
-158
-159
-61
-194
-258
-76
-216
-131
-201
-190
-18
-129
-163
-84
-175
-66
-134
-186
-3
-110
29
-55
-17
-67
-109
-159
-34
-207
-49
-140
-166
-135
-264
-131
-216
-243
-107
-35
-106
-82
-111
-193
-221
-124
-119
-151
-213
-311
-292
-96
-215
-233
-219
-85
-208
-207
-152
-189
-197
-200
-211
-304
-308
-122
-232
-220
-209
-94
-217
-223
-115
-187
-225
-228
-211
-373
-183
-364
-246
-305
-164
-317
-317
-270
-318
-280
-307
-427
-217
-295
-282
-316
-204
-307
-276
-255
-300
-239
-349
-336
-99
-167
-87
46
-99
-81
18
-68
-56
-62
-72
-208
-198
-134
-222
-210
-149
-205
-213
-221
-215
-222
-103
-302
-268
-104
-217
-228
-227
-217
-93
-231
-241
-195
-282
-237
-215
-231
-75
-101
-59
-72
-72
-128
-132
-214
-123
-218
-185
-230
-232
-224
-254
-175
-247
-222
-157
-131
-139
-128
-173
-223
-250
-185
-182
-212
-239
-232
-159
-202
-241
-224
-71
-201
-247
-116
-200
-205
-228
-194
-267
-100
-258
-222
-244
-101
-256
-259
-141
-231
-247
-243
-353
-185
-234
-245
-273
-184
-238
-220
-142
-238
-191
-295
-241
-71
-162
-84
54
-96
-92
34
-65
-63
-69
-70
-209
-198
-125
-185
-206
-104
-197
-199
-208
-181
-235
-100
-290
-328
-121
-218
-226
-240
-251
-87
-233
-233
-169
-227
-247
-220
-208
-73
-98
-36
-81
-26
-78
-124
-228
-96
-206
-176
-214
-198
-174
-234
-161
-254
-196
-86
-122
-103
-84
-192
-222
-208
-187
-226
-188
-245
-148
-280
-223
-237
-67
-257
-250
-132
-234
-229
-233
-284
-263
-216
-236
-244
-164
-284
-259
-133
-236
-223
-296
-240
-125
-193
-165
28
-139
-150
38
-147
-57
-102
-75
-211
-214
-106
-203
-239
-135
-201
-183
-178
-218
-226
-90
-320
-317
-122
-242
-225
-228
-216
-84
-237
-255
-167
-262
-228
-259
-215
-74
-112
-15
-88
-57
-86
-111
-223
-95
-237
-233
-255
-215
-184
-237
-209
-248
-216
-107
-86
-104
-63
-253
-231
-231
-195
-190
-203
-174
-310
-237
-260
-205
-297
-259
-194
-260
-256
-303
-356
-143
-155
-102
53
-131
-120
20
-90
-89
-96
-160
-216
-265
-207
-296
-303
-199
-216
-256
-277
-367
-223
-81
-316
-301
-122
-220
-243
-233
-300
-99
-311
-270
-210
-271
-223
-227
-336
-119
-123
-75
-88
-99
-111
-184
-278
-166
-275
-229
-280
-352
-203
-271
-190
-264
-330
-136
-140
-118
-198
-195
-244
-303
-189
-275
-264
-158
-201
-210
-98
-184
-174
-9
-172
-122
-190
-140
-210
-239
-228
-237
-219
-129
-228
-227
-256
-206
-235
-130
-302
-248
-82
-229
-192
-256
-218
-177
-303
-234
-161
-292
-222
-334
-246
-163
-194
-105
-185
-143
-226
-213
-282
-148
-226
-233
-274
-237
-159
-282
-190
-321
-217
-122
-89
-192
-105
-234
-324
-244
-271
-238
-268
-158
-81
-19
-110
-90
34
-88
-71
-60
-80
-168
-37
-204
-213
-55
-165
-130
-132
-118
48
-124
-123
-45
-119
-52
-61
-101
61
16
126
62
92
35
14
-109
37
-87
-34
-89
-84
-1
-115
-41
-101
-95
59
73
68
48
-48
-59
-81
-31
-75
-51
-218
-148
-232
-271
-104
-227
-211
-212
-233
-96
-225
-211
-161
-232
-216
-168
-225
-114
-201
-78
-133
-104
-152
-174
-226
-109
-223
-205
-184
-224
-137
-226
-147
-185
-252
-105
-81
-105
-84
-212
-222
-232
-201
-178
-209
-80
-318
-297
-149
-271
-220
-202
-267
-111
-157
-35
-103
-96
-94
-117
-324
-136
-310
-293
-261
-332
-192
-360
-260
-304
-324
-76
-102
-89
-51
-191
-235
-215
-203
-187
-214
-117
-98
-45
-100
-27
-62
-127
-264
-171
-253
-246
-267
-243
-229
-262
-188
-229
-237
-166
-151
-142
-162
-267
-255
-268
-168
-255
-237
-92
-18
-77
-33
-74
-124
-101
-89
-34
-116
-113
-3
-20
-43
-16
-27
-87
-172
-50
-93
-108
-128
-228
-217
-231
-226
-72
-67
-84
-90
-210
-219
-238
-183
-236
-218
-190
-140
-181
-127
-240
-232
-221
-201
-163
-205
-102
-79
-102
-83
-78
-64
-237
-185
-220
-177
