21
39
100
233
238
161
92
136
2
244
40
184
210
49
171
62
124
217
6
202
133
164
38
205
23
19
45
200
245
126
217
129
237
58
125
224
202
44
40
74
223
130
74
115
155
34
21
132
91
149
110
241
50
31
167
232
182
67
6
201
63
178
101
78
61
159
232
184
74
102
157
218
20
234
93
213
160
48
150
128
46
136
249
68
233
85
89
21
197
21
170
216
201
68
112
3
38
126
69
255
7
134
97
63
214
55
5
135
170
204
47
182
246
111
95
167
124
18
240
196
166
156
253
22
13
131
160
74
217
225
170
152
178
251
100
187
58
10
247
36
235
17
46
203
58
125
16
156
169
225
97
66
112
219
116
198
64
147
215
47
247
214
134
112
70
65
109
79
133
59
75
225
147
217
4
197
115
171
239
117
142
53
241
67
148
170
51
239
11
171
144
1
233
116
55
155
159
142
116
135
255
117
14
224
51
118
85
127
167
139
8
143
126
4
197
50
31
148
21
149
187
34
224
254
43
204
203
168
113
20
235
150
215
90
44
56
137
220
210
111
4
192
156
13
177
168
115
138
65
176
56
195
63
149
79
57
247
89
203
29
250
250
158
111
35
117
193
68
165
56
251
41
76
149
41
20
209
166
101
94
104
85
6
118
53
177
2
245
64
113
169
239
40
195
180
96
141
94
25
118
37
157
211
242
31
68
191
223
206
50
233
197
232
72
37
108
18
35
100
196
86
251
117
155
111
220
74
27
17
164
115
24
28
118
43
96
64
173
120
171
96
39
167
188
174
15
43
31
88
243
46
241
30
44
107
123
149
9
133
207
84
167
65
84
33
99
182
213
246
140
177
203
41
177
0
8
68
128
64
200
131
222
215
177
59
143
202
128
55
35
82
221
233
139
2
47
229
189
129
253
31
239
5
150
106
42
141
255
205
241
231
11
11
224
234
254
82
17
122
13
247
154
158
43
79
170
74
226
220
50
190
145
66
106
39
3
48
77
223
202
190
76
186
23
136
66
86
152
136
100
121
180
7
177
248
144
223
140
113
116
42
64
69
170
140
166
171
120
173
52
86
246
58
89
170
44
42
21
99
157
201
164
151
226
108
159
27
56
176
189
255
185
150
172
70
83
213
121
155
70
161
224
62
20
11
87
203
168
225
171
209
28
102
131
141
219
75
102
83
92
161
126
15
171
32
104
10
124
193
55
213
21
254
197
156
198
149
130
251
212
161
189
67
42
13
126
102
141
144
77
145
126
99
171
133
29
58
126
28
175
93
202
62
222
186
41
68
206
94
230
120
13
184
135
192
219
138
71
53
254
16
180
228
199
182
143
58
141
195
174
122
212
104
23
223
151
166
145
156
39
119
139
5
236
13
39
131
11
91
112
135
163
232
172
226
196
87
103
160
190
249
165
58
26
231
73
0
178
53
70
45
153
204
240
29
121
114
144
227
225
17
172
176
6
156
210
183
122
204
235
109
188
143
43
20
107
150
123
238
216
129
14
182
13
16
81
220
31
129
203
82
134
199
243
114
255
166
217
155
192
168
86
245
41
10
136
165
251
246
155
7
228
98
125
17
8
184
181
4
118
70
5
235
226
151
35
238
140
232
162
27
127
233
100
177
187
103
54
221
245
132
159
203
213
159
51
130
218
4
222
145
8
10
225
88
69
1
200
249
18
53
179
197
43
37
217
2
233
242
78
102
50
74
104
70
54
46
249
85
19
152
58
204
78
204
197
79
49
214
176
192
146
16
15
92
205
25
44
226
216
165
4
115
76
65
69
56
233
166
142
58
62
103
190
48
181
84
37
135
201
40
138
183
94
69
66
92
147
58
112
150
179
132
50
167
189
48
50
98
65
247
133
34
60
232
241
111
32
101
143
191
119
124
111
157
8
75
52
132
56
22
217
31
182
54
88
125
222
103
140
44
18
208
18
142
59
11
183
195
176
145
143
98
249
32
150
244
7
123
213
255
51
22
158
212
17
45
47
161
64
71
69
253
191
118
33
45
191
9
164
238
160
157
138
242
175
163
10
19
27
130
1
65
82
151
41
34
245
238
134
90
156
109
20
232
75
87
76
22
235
78
104
254
253
227
193
127
9
183
55
227
186
66
77
121
79
77
117
240
185
20
179
221
93
23
152
93
41
57
151
89
245
247
89
246
66
184
185
166
157
176
6
34
108
182
148
61
139
11
55
88
241
124
17
214
139
73
47
19
168
35
209
186
60
208
4
0
37
93
128
187
103
222
239
231
227
96
62
187
143
245
245
23
98
193
182
102
145
230
17
70
84
8
171
97
35
25
100
104
91
178
