-197
-155
-208
-218
-141
-186
-239
-57
-234
-247
-233
-241
-247
-308
-209
-288
-259
-231
8
-135
-79
-91
-96
-108
-4
-100
-100
-100
-126
-165
-216
-79
-83
-153
-100
-69
-98
-61
-67
-96
67
-97
-100
-100
-109
-113
-206
-59
-89
-148
-85
-173
-126
-107
-238
-49
-115
-213
-238
-141
-256
-266
-157
-130
-246
-184
-160
-146
-241
-73
-172
-283
-234
-231
-225
-273
-203
-208
-275
-225
-111
-199
33
-150
-219
-112
-129
-247
-182
-154
-137
-238
-224
-189
-59
-130
-188
-118
-103
-150
-240
-210
-115
-206
-153
-152
-238
-304
-269
-243
-244
-293
-226
-244
-292
-229
-93
-151
-71
-84
-68
-106
-74
-141
-133
-64
-167
-221
-149
-165
-245
-168
-228
-250
-232
-211
-247
-250
-325
-205
-216
-267
-215
-190
-252
-252
-237
-232
-285
-264
-175
-270
-247
-153
-213
-166
-285
-220
-262
-287
-227
-263
-278
-305
-295
-242
-319
-290
-260
-212
-271
-117
-200
-137
-83
-136
-180
-55
-144
-212
-185
-153
-238
-302
-162
-225
-156
-172
-117
-126
-46
-123
-152
-8
-122
-258
-126
-107
-86
-237
-113
-159
-129
-147
-99
-78
-128
-196
-45
-145
-260
-183
-149
-209
-265
-132
-203
-197
-228
-94
-124
-159
-68
-135
-320
-211
-215
-218
-264
-212
-274
-229
-212
-64
-148
53
-113
-182
-72
-91
-149
-158
-101
-171
-161
-130
-193
-45
-136
-236
-115
-118
-165
-269
-208
-179
-150
-117
-123
-199
-317
-228
-192
-237
-316
-197
-273
-208
-237
-53
-151
-64
-87
-48
-134
-63
-204
-73
-93
-238
-173
-134
-141
-264
-128
-231
-197
-237
-262
-250
-309
-389
-280
-375
-273
-241
-172
-218
-277
-220
-281
-206
-211
-155
-291
-225
-189
-130
-179
-292
-253
-280
-235
-242
-285
-312
-242
-283
-293
-231
-257
-278
-294
-222
-7
-14
47
21
-67
122
26
-8
27
22
-87
-92
16
-40
-42
-57
-53
-28
-28
-129
-10
-34
-129
-141
-31
-193
-185
-49
-67
-142
-84
-42
-10
-86
-20
-21
-156
-74
-101
-157
-137
-66
-86
-69
-77
-6
-75
63
-6
-77
-32
-10
-167
-111
-36
-46
-68
-96
-95
8
-12
-47
-6
-8
-116
-132
-88
-3
-39
-22
-59
-100
-179
-86
-114
-215
-173
-66
-97
-107
-88
20
-53
-1
15
-55
-88
-15
-65
-13
-14
-27
-129
-12
-93
-120
-48
-102
-98
-87
-76
-87
-165
-204
-92
-95
-112
-97
-119
-184
-151
-79
-89
-89
-86
-80
-116
-119
-30
-13
-39
-274
-200
-175
-152
-134
-166
-133
-119
-176
-70
-105
-162
-83
-77
-86
12
49
4
-102
65
11
-104
-49
-5
-120
-138
-19
-25
-98
-62
35
-22
-107
59
-41
-164
-104
-50
-60
-135
-50
-64
-74
-93
25
-31
169
19
-31
42
75
-41
-37
54
11
-44
-49
-71
46
-7
-55
-16
37
-12
-117
-48
-17
-22
-32
11
-89
-157
-91
-44
-80
-162
-60
-101
-76
-75
31
10
99
76
34
13
104
-53
44
27
-40
-89
10
-62
-119
-39
-96
-120
-95
-64
-93
-71
-205
-72
-66
-70
-78
-57
-82
-136
-63
-106
-87
-69
-8
-124
-19
5
-19
-26
-147
-59
-78
-61
-101
-132
-157
-157
-170
-75
-77
-143
-78
-71
-71
-49
-61
-156
-16
-49
-175
-122
-127
-143
-134
-81
-101
-183
-150
-10
-129
55
-14
-97
-85
-16
-150
-89
-52
-34
-149
-123
-146
-3
-31
-155
-89
2
-85
-159
-57
-18
-138
-54
-143
-122
-265
-252
-118
-244
-226
-157
-161
-239
-161
7
-121
-33
-6
-72
-60
25
-70
-47
-86
-56
-141
-12
-77
-139
-46
-118
-122
-138
-180
-125
-222
-273
-150
-165
-252
-186
-148
-264
-199
-184
-182
-238
-174
-125
-147
-64
-6
-96
-54
-236
-182
-138
-249
-183
-172
-149
-189
-171
-76
-150
-171
-169
-106
-252
-24
-116
34
-7
-172
-95
-99
-185
-83
-97
-58
-152
-189
-174
-34
-33
-187
-93
-62
-76
-142
-149
-80
-93
-85
-174
-122
-337
-189
-223
-214
-221
-211
-211
-217
-215
-61
-187
-81
-96
-76
-87
-83
-126
-75
-88
-127
-131
-73
-103
-175
-88
-158
-166
-202
-242
-276
-280
-351
-283
-279
-304
-283
-246
-216
-212
-220
-223
-230
-222
-163
-174
-188
-141
-154
-159
-214
-227
-216
-218
-209
-206
-198
-209
-207
-215
-257
-283
-187
-221
-213
-169
25
-7
-122
4
12
-99
-113
-65
-33
-113
-54
-59
-145
-260
-144
-122
-245
-137
-170
-139
-169
-233
62
-48
42
9
-13
27
22
-55
-22
-30
-62
-80
-19
-101
-70
-52
-64
-144
-137
-108
-111
-185
-179
-143
-167
-195
-176
-63
-162
-117
-94
-109
-145
-132
-80
-106
-78
-28
-60
-61
-184
-227
-158
-228
-189
-110
-103
-126
-172
-104
-182
-188
-145
-122
-219
-155
-140
-281
-141
-102
-168
-232
-178
-172
-170
-152
0
-104
0
14
-22
-100
-103
-96
-36
-11
-69
-65
-2
-55
-144
-86
-67
-97
-60
-128
-107
-162
-285
-189
-175
-190
-164
-46
-99
-123
-148
-67
-102
-71
-24
-131
-115
12
-8
16
-177
-154
-81
-84
-61
-204
-173
-154
-144
-105
-185
-172
-106
-73
-111
-120
-254
-141
-120
-125
-145
-76
-237
-161
-152
-227
-201
-133
-165
-238
-175
-237
-232
-240
-283
-271
-314
-326
-296
-309
-301
-258
-192
-253
-218
-205
-235
-228
-227
-163
-225
-229
-131
-156
-149
-248
-224
-232
-242
-210
-236
-227
-222
-208
-208
-260
-263
-213
-199
-236
-47
-79
0
-32
-87
-35
-134
-103
-86
-130
-116
-135
-177
-132
-219
-143
-114
-60
-60
-55
-64
-148
-56
-48
-40
-93
-64
-73
-26
-19
-90
-93
-165
-82
-93
-51
-134
-74
-80
-145
-113
-118
-153
-157
-87
-145
-65
-120
-248
-97
-203
-171
-155
-142
-188
-228
-177
-220
-230
-162
-6
-122
-96
-66
-61
-76
-179
-126
-175
-177
-180
-186
-217
-188
-233
-174
-186
-218
-220
-202
-256
-166
-215
-244
-206
-204
-213
-220
-127
-260
-197
-155
-163
-107
-297
-237
-221
-244
-222
-300
-298
-253
-289
-187
-247
-305
-233
-201
-236
-177
-179
-231
-148
-151
-163
-226
-244
-220
-239
-219
-218
-220
-196
-216
-217
-236
-299
-196
-232
-216
-140
-178
-99
-107
-84
-194
-118
-114
-164
-103
-163
-209
-70
-32
-91
-228
-237
-238
-232
-228
-267
-302
-219
-212
-224
-200
-271
-259
-192
-184
-235
-237
-266
-358
-205
