-44
1
43
98
-8
-31
-105
-46
32
-3
14
-14
-17
-61
-41
38
-112
-3
-35
26
54
-2
-3
-65
-148
-120
17
-19
-22
-61
-92
-175
51
-125
-40
67
64
5
-19
-148
-34
-30
-12
-2
-65
-44
-48
-71
83
-131
-37
85
3
-39
-101
-58
-21
-18
43
-27
-43
-41
-36
52
-112
8
69
27
-29
48
34
124
82
23
16
37
-80
106
-16
36
-14
-43
-17
-35
6
-7
-9
-12
-23
-111
32
-119
-59
-90
-46
-26
-7
-11
-32
-22
-45
-105
44
-154
-3
-88
-104
-49
-124
-96
-89
-107
-204
-52
-128
-62
-79
-93
-26
-107
-106
-108
-154
9
-159
-42
10
-28
-19
-80
-119
-187
-10
-152
-31
11
-4
-75
-26
-123
59
-147
-22
10
-61
-32
-63
58
-55
-50
-100
-32
-119
27
-125
-17
-116
-172
1
-112
-47
-153
38
-137
-66
-63
-209
-52
-76
10
-69
7
67
32
-21
-25
-133
-100
-100
-31
-16
-29
-110
-160
-76
-57
-154
6
156
85
56
67
-136
16
-3
34
16
-2
36
-20
21
124
-123
18
113
62
32
-103
34
60
25
97
42
39
-38
34
30
-75
114
20
22
-100
24
17
129
22
28
43
-22
-44
81
-28
51
-26
-85
23
-5
-10
-22
-12
20
-78
-40
13
-62
-15
-174
-43
14
-23
-40
-38
-22
-64
-87
-15
-139
3
-175
-170
-130
-140
-173
-146
-218
-203
-132
-216
-120
-122
-97
-33
-110
-69
-165
-109
-12
-162
-69
-41
-38
-34
-118
-165
-105
-25
-114
-40
-15
-3
-5
-106
-100
-13
-113
-23
-6
-8
-82
-52
5
-49
-15
-41
-76
-105
-43
-135
-20
-131
-75
-36
-196
20
-144
-76
-180
-105
-63
-144
-6
-122
-22
-94
42
-84
-40
-50
-166
-114
-124
-43
-21
-63
-108
-166
-94
27
-168
-58
-7
-4
15
-139
-79
-117
-13
74
8
-84
-125
-57
-9
-117
85
-71
-46
-153
-83
-119
5
-39
-21
-110
-112
-178
-40
-90
-38
-74
-112
-132
-166
-24
-42
-14
-140
-105
-217
-37
-92
-37
-131
-104
-125
-40
-30
-20
-61
-93
-145
-25
-145
-39
-234
-226
-147
-124
-168
-208
-243
-283
-141
-203
-106
-262
-245
-144
-159
-221
-257
-212
-92
-206
-113
-111
-109
-126
-212
-255
-241
-130
-278
-104
-54
-46
-121
-120
-166
-60
-150
-46
-68
-67
-133
-91
-45
-87
-18
-191
-129
-156
-40
-170
-60
-263
-256
-135
-228
-89
-240
-100
-254
-148
-143
-222
-84
-166
-39
-122
63
61
56
-107
30
33
31
85
27
12
22
29
93
-95
62
-6
-32
-140
-81
-72
53
-5
-55
-40
-42
-80
64
-60
-22
12
-109
7
-38
9
-14
0
-14
-29
-91
95
-79
-29
-156
-43
-67
-7
-10
-12
-25
-41
-47
51
-148
-36
-169
-218
-134
-181
-157
-177
-198
-236
-117
-202
-163
-140
-82
-41
-90
-106
-147
-111
27
-154
-80
-49
-73
-59
-102
-171
-124
64
-182
-86
0
-6
-54
-40
-88
8
-133
-32
-11
-29
-20
-9
17
-88
-60
-61
-57
-79
34
-138
-50
-111
-106
67
-224
-72
-137
45
-157
-78
-50
-147
-54
-74
4
-154
-1
-56
-109
-19
-10
78
67
11
-65
-58
-59
-1
-65
44
-6
-76
-39
-40
-5
65
0
-59
-9
-45
-18
-93
3
-161
-28
19
-37
30
-35
-49
-47
-41
-40
-118
4
-198
-171
-138
-102
-153
-173
-188
-204
-187
-211
-96
-109
-78
35
-110
-117
-123
-93
-51
-156
-13
-38
44
-23
-99
-115
-76
0
-129
34
66
2
-60
-59
-61
-57
-125
8
50
37
26
45
78
-21
83
-86
-48
-43
-27
-127
19
-139
-81
-35
-173
7
-76
-39
-160
-16
-94
-95
37
-122
-9
-8
-55
-58
-21
-59
66
12
-10
-30
-60
-107
-11
-32
-25
-172
-45
-31
23
-12
-54
-63
-47
-133
-23
-127
-51
-161
-145
-110
-123
-146
-156
-174
-244
-123
-141
-95
-110
-56
-31
-112
-88
-100
-150
-31
-93
-54
46
-56
1
-127
-169
-133
-6
-91
-34
49
16
22
16
-55
67
-30
17
-27
-47
-37
-60
23
-39
3
-43
-51
-155
-34
-98
-52
-110
-130
-29
-109
-29
-198
-38
-98
-89
-138
-118
-103
-79
-47
-21
-76
-26
-44
-1
-2
-44
-26
-35
-111
-3
-108
-26
-105
-113
-91
-61
-72
-72
-104
-180
-81
-86
-56
-76
-55
25
-61
-71
-99
-139
8
-70
-32
7
-39
15
-89
-120
-162
-48
-70
-59
-11
-6
-20
-19
-126
-11
-68
-35
-12
-22
-48
-63
-12
-31
2
-74
-39
-120
5
-69
-33
-89
-138
-21
-80
-58
-149
-29
-93
-82
-121
-155
-67
-60
-31
-51
-173
-156
-115
-128
-127
-146
-180
-248
-141
-195
-129
-94
-121
-5
-103
-87
-97
-137
-44
-171
-70
-22
-39
-39
-91
-98
-111
-3
-150
-30
-8
-16
-64
-42
-148
-9
-123
-22
-1
10
-42
-87
-1
-85
-3
-38
-51
-157
-50
-131
-16
-109
-107
-36
-152
-5
-185
-35
-157
-75
-124
-195
-61
-152
-26
-99
-246
-216
-157
-254
-220
-244
-282
-195
-242
-140
-178
-175
-176
-224
-252
-328
-161
-184
-133
-122
-165
-191
-155
-269
-195
-208
-125
-135
-134
-201
-182
-128
-139
-109
-190
-186
-245
-188
-170
-117
-234
-278
-170
-203
-108
-274
-165
-195
-142
-289
-281
-170
-206
-143
-121
-185
-121
-175
-220
-248
-255
-82
-216
-102
-76
-163
-212
-170
-242
-88
-272
-150
-76
-83
-150
-101
9
-106
-5
-196
-209
-221
-106
-223
-88
-238
-199
-87
-207
-113
-218
-100
-199
-185
-160
-205
-107
-159
-41
-111
-49
-62
-132
-107
-144
-40
-128
-57
-24
-106
-125
-106
-39
-95
-38
-155
-124
-157
-17
-148
-54
-231
-280
-113
-213
-106
-255
-146
-225
-132
-162
-243
-89
-177
-48
-102
-13
-29
-66
-68
-20
-51
-11
-35
-48
-132
-5
-123
-33
-140
-138
8
-183
-49
-190
-44
-146
-92
-145
-195
-67
-134
-18
-77
-64
-43
-62
-10
-76
-4
-95
-64
-25
-82
-20
-90
-5
-109
-65
-71
-94
-24
-76
-18
8
-132
-198
-102
-207
-111
-170
-46
-137
-41
-153
-188
-82
-151
-51
-78
-243
-121
-222
-137
-129
-238
-43
-176
-32
-97
-158
-208
-96
-143
-30
-67
-208
-85
-106
-81
