-158
-215
-224
-212
-255
-111
-245
-258
-221
-277
-225
-227
-224
-211
-224
-88
-95
-235
-79
-74
-113
-143
2
-81
-196
-113
-100
-135
-173
-99
-68
-82
-29
-15
-117
-229
-244
-258
-114
-233
-237
-259
-218
-224
-212
-210
-249
-281
-60
-104
-222
-244
-250
-133
-240
-257
-271
-314
-234
-239
-238
-221
-213
-92
-130
-226
-249
-197
-220
-243
-240
-262
-251
-242
-231
-205
-230
-185
-119
-243
-154
-251
-278
-264
-311
-275
-260
-355
-184
-239
-109
-192
-305
-122
-230
-112
-151
-206
-106
-102
-84
-170
-32
-60
-126
-247
-224
-235
-232
-223
-257
-117
-233
-129
-131
-238
-267
-249
-277
-245
-289
-188
-224
-189
-110
-270
-226
-335
-255
-251
-222
-231
-166
-106
-246
-237
-254
-229
-177
-272
-114
-65
-201
-222
-274
-235
-254
-192
-181
-274
-248
-181
-218
-101
-133
-256
-156
-238
-81
-115
-241
-146
11
-105
-216
-128
-97
-254
-58
-175
-173
-117
-134
-149
-122
-72
-159
-238
-196
-127
-146
-165
-148
-127
-119
-67
-59
-100
-213
-224
-229
-105
-235
-225
-207
-150
-251
-237
-224
-192
-257
-74
-82
-208
-216
-209
-106
-229
-228
-215
-225
-224
-230
-227
-251
-195
-77
-146
-204
-212
-172
-221
-246
-228
-266
-220
-218
-234
-234
-210
-149
-90
-231
-93
-241
-246
-224
-270
-232
-213
-329
-157
-251
-90
-153
-230
-107
-191
-109
-103
-161
-95
-104
-101
-144
-7
-45
-92
-230
-220
-254
-229
-231
-269
-195
-225
-118
-129
-225
-251
-241
-241
-222
-300
-163
-224
-172
-105
-242
-272
-286
-240
-234
-236
-216
-155
-111
-229
-260
-190
-240
-121
-217
-88
-67
-161
-219
-211
-249
-219
-161
-199
-224
-243
-171
-208
-73
-139
-241
-168
-226
-118
-118
-227
-118
-46
-93
-239
-146
-119
-219
-40
-116
-176
-56
-90
-93
18
-85
-119
-104
-43
-74
-101
-66
-78
-129
26
-44
-73
-69
-98
13
-74
-136
-75
-100
-88
-76
-62
-60
-58
-13
-19
-65
-104
-44
-71
-154
-111
-95
-108
-103
-75
-81
-78
-99
-35
-117
-28
-92
-147
-76
-69
-108
-142
-156
-41
-102
-34
-89
-90
-38
-113
7
3
-100
-53
-9
2
-65
-3
-4
-19
-159
-89
-113
-93
-98
-67
-39
-69
-100
-121
-97
-134
-136
-131
-180
-176
-99
-145
-103
-95
-118
-70
-125
-124
-86
-123
-96
-102
-38
-62
-112
-43
-59
-10
-47
-24
25
-27
-116
-84
-109
-93
-102
-84
-83
-132
-55
-100
-50
-10
-128
-27
-49
-19
13
-74
-34
23
5
-62
-37
-27
-113
-42
-56
-93
-202
-219
-63
-230
-205
-208
-135
-207
-207
-180
-161
-201
-44
-83
-203
-205
-122
-214
-200
-210
-157
-194
-199
-185
-188
-190
-121
-100
-195
-102
-246
-236
-231
-186
-245
-229
-305
-159
-280
-87
-148
-197
-94
-135
-87
-20
-129
-79
-80
-76
-159
25
-30
-68
-231
-217
-158
-204
-213
-246
-176
-263
-168
-151
-219
-211
-171
-213
-227
-235
-114
-259
-154
-76
-207
-172
-259
-232
-205
-199
-216
-149
-76
-223
-169
-95
-147
-98
-219
-41
12
-56
-217
-225
-160
-252
-117
-112
-190
-236
-165
-257
-96
-100
-218
-108
-266
-93
-58
-199
-196
-19
-103
-232
-183
-170
-234
-2
-156
-162
-210
-148
-194
-226
-212
-269
-203
-196
-202
-212
-196
-159
-92
-192
-114
-234
-223
-265
-285
-232
-193
-323
-191
-201
-76
-214
-266
-75
-165
-88
-51
-117
-97
-79
-53
-123
23
-16
-91
-225
-214
-255
-221
-220
-212
-141
-198
-143
-150
-210
-220
-205
-221
-211
-273
-91
-194
-156
-89
-226
-251
-276
-242
-231
-178
-175
-139
-98
-224
-206
-163
-274
-123
-188
-91
-54
-148
-219
-218
-230
-186
-150
-156
-219
-245
-111
-171
-74
-131
-233
-159
-193
-64
-86
-199
-115
28
-58
-199
-104
-84
-194
-19
-141
-137
-156
-215
-231
-245
-202
-253
-231
-293
-158
-198
-131
-139
-254
-182
-241
-167
-129
-214
-130
-157
-118
-198
-128
-49
-144
-226
-215
-237
-209
-185
-210
-150
-175
-195
-140
-187
-217
-235
-249
-202
-292
-166
-211
-236
-106
-221
-239
-281
-213
-219
-223
-197
-227
-108
-219
-258
-142
-235
-142
-238
-174
-56
-183
-208
-196
-221
-193
-212
-167
-204
-229
-121
-179
-135
-76
-231
-163
-181
-150
-86
-199
-128
-92
-92
-229
-159
-94
-215
-45
-217
-160
-114
-165
-117
-112
-175
-82
-145
-46
-154
-18
-112
-97
-240
-237
-257
-245
-204
-299
-118
-214
-166
-244
-230
-235
-268
-251
-212
-386
-102
-202
-166
-211
-239
-244
-311
-219
-315
-202
-219
-146
-158
-239
-288
-196
-268
-111
-223
-110
-79
-147
-215
-342
-174
-218
-174
-227
-248
-366
-79
-184
-82
-160
-234
-161
-289
-113
-210
-308
-96
43
-77
-161
-122
-165
-250
-68
-125
-195
-179
-85
-60
-143
-74
-89
-35
-108
-63
-48
-85
-141
-146
-241
-157
-177
-57
-226
-125
-54
-140
-69
-187
-92
-103
-92
-147
-78
-35
-91
-141
-52
-73
-16
-131
0
26
-17
-134
-111
-142
-165
-150
-135
-150
-95
-40
-121
-30
-42
-100
-9
-131
29
-38
-76
-76
61
-35
-96
-81
-87
-142
-8
-74
-86
-240
-213
-206
-198
-278
-73
-208
-180
-149
-215
-240
-291
-224
-236
-154
-195
-214
-182
-216
-237
-148
-200
-116
-225
-138
-135
-154
-208
-240
-165
-206
-219
-215
-208
-245
-85
-206
-141
-154
-231
-101
-208
-176
-125
-215
-89
-31
-67
-143
-172
-205
-233
-116
-213
-214
-241
-268
-216
-297
-134
-216
-185
-122
-192
-221
-180
-266
-67
-253
-165
-44
-127
-216
-271
-166
-228
-212
-133
-223
-318
-81
-197
-147
-95
-220
-111
-261
-172
-115
-276
-84
-31
-14
-150
-205
-107
-220
-99
-237
-131
-238
-153
-245
-149
-193
-131
-9
-165
-273
-298
-254
-230
-249
-193
-282
-239
-152
-197
-165
-105
-192
-181
-217
-134
-110
-219
-166
-76
-95
-191
-158
-114
-190
-93
-183
-129
-145
-198
-130
-224
-159
-91
-156
-203
-49
-138
-32
33
-112
-91
-206
-95
-15
-151
-96
23
18
-33
-147
-32
-154
19
-56
-74
-255
-151
-203
-151
-128
-216
-149
-224
-152
-124
-223
-114
-68
-122
-203
-181
-151
-244
-116
-209
-213
-133
-216
-107
-141
-254
-53
50
-55
-128
-115
-69
-198
-23
-150
-126
-85
24
-16
-158
-105
-82
-221
-26
-125
-129
3
-15
-154
68
-73
-119
-86
-199
-173
-125
