-55
-116
-100
-52
-136
-79
-115
-102
-90
-118
-29
-135
-103
-183
-108
-104
-77
-97
-110
-112
-56
-96
-86
-179
-62
-90
-57
-92
-133
-93
-161
-116
-132
-105
-172
-235
-200
-244
-235
-234
-288
-219
-227
-200
-239
-229
-235
-168
-225
-179
-235
-170
-255
-206
-244
-221
-228
-174
-123
-241
-220
-207
-163
-238
-275
-201
-156
-139
-199
-230
-119
-64
-84
-189
-118
-217
-118
-130
-140
-195
-282
-277
-270
-258
-156
-136
-273
-286
-221
-233
-210
-135
-236
-234
-274
-248
-183
-118
-242
-241
-221
-157
-237
-174
-221
-236
-216
-170
-127
-231
-243
-215
-156
-259
-202
-236
-279
-168
-135
-305
-248
-267
-231
-172
-181
-229
-177
-187
-247
-227
-206
-177
-202
-232
-298
-143
-172
-166
-163
-85
-145
-151
-244
-135
-136
-150
-86
-132
-146
-122
-267
-216
-215
-231
-165
-226
-249
-146
-163
-173
-227
-168
-264
-235
-212
-162
-191
-232
-165
-236
-272
-41
-17
14
-36
12
-98
10
-10
13
-21
-19
-31
-140
3
-36
-10
-79
-115
-64
-128
-62
-103
-128
-91
-90
-72
-123
-100
-179
-44
-113
-37
-84
-45
-147
-91
-108
-104
-102
-60
4
-100
-112
-168
-29
-114
-116
-78
-38
-32
-53
-23
-14
63
3
-40
-28
-168
13
-70
-9
-78
-102
-116
-155
-119
-47
-24
-154
-135
-174
-28
-116
0
-122
-120
-157
-97
-18
-2
-90
-95
-169
-25
-80
-30
-83
-113
-114
-61
-14
-132
-126
-178
-39
-54
-41
-110
-81
-44
-19
-118
-108
-200
-80
-98
-46
-78
-39
-14
-109
-87
-122
-18
-106
-108
-193
3
-18
-26
-103
36
-42
-29
-120
19
18
-66
57
58
19
0
-107
-144
-40
-66
-7
-124
-188
-14
-43
-35
-85
-85
-188
-144
-155
-32
-47
-75
-51
-106
-92
-95
-44
-109
-81
-163
-60
-88
-69
-125
-127
-86
-168
-41
-104
-14
-148
-43
-130
-59
-239
-65
-118
-23
-62
-154
-124
-157
-62
-125
-67
-135
-19
23
-80
43
-15
72
-48
18
-13
-124
-3
-17
26
-110
-122
-227
-69
-93
-2
-45
-131
-106
-114
-22
-90
29
-136
-202
-80
-39
-20
-29
-108
-61
-102
6
-65
-4
-150
-139
-185
-82
-146
-198
-183
-201
-92
-147
-74
-197
-38
65
-14
-103
-71
-103
21
67
66
-91
25
-53
-150
-60
-136
-38
-116
-107
-175
-2
-17
-2
-48
40
4
22
-107
-38
-35
-74
48
-21
-21
-107
-108
-142
-40
-36
-38
-166
-157
-22
0
-44
-111
-85
-150
-145
-179
-32
0
-147
-15
-134
-120
-183
-262
-220
-264
-268
-240
-205
-160
-248
-222
-246
-101
-229
-188
-224
-170
-140
-126
-147
-118
-80
-127
-152
-125
-233
-83
-143
-74
-204
-250
-317
-274
-260
-249
-172
-243
-260
-246
-103
-301
-92
-252
-266
-294
-201
-180
-164
-212
-185
-193
-83
-216
-134
-232
-270
-300
-242
-248
-283
-268
-251
-117
-204
-143
-266
-259
-198
-255
-247
-260
-262
-134
-173
-75
-265
-163
-191
-327
-263
-221
-95
-214
-162
-329
-147
-175
-169
-175
-48
-148
-96
-254
-172
-178
-217
-83
-176
-101
-175
-253
-223
-90
-232
-140
-259
-266
-90
-174
-132
-205
-107
-230
-187
-223
-94
-42
-153
-87
-261
-232
-197
-80
-216
-161
-191
-35
-100
-157
-148
-182
-67
-157
-123
-182
-243
-257
-247
-238
-212
-128
-239
-245
-268
-120
-300
-136
-236
-237
-296
-197
-133
-110
-232
-184
-184
-67
-235
-189
-203
-238
-273
-159
-150
-254
-248
-244
-119
-294
-215
-225
-227
-246
-158
-271
-228
-231
-89
-233
-167
-199
-173
-175
-275
-210
-231
-116
-282
-287
-288
-62
-199
-185
-167
-19
-129
-137
-168
-122
-88
-141
2
-101
-92
-85
-254
-228
-113
-208
-215
-263
-200
-80
-145
-194
-183
-80
-261
-257
-194
-135
-144
-123
-168
-221
-183
-80
-141
-131
-103
28
-31
-140
-111
-146
-30
-120
5
-191
-130
-108
-45
63
3
-95
-67
-123
-7
-61
-52
-148
-110
-111
19
-39
-104
-138
-170
-4
-75
-41
-153
-91
40
-42
-115
-103
-164
-91
-20
-7
-163
39
-68
-105
-79
-140
6
-98
-106
-219
68
39
46
-42
103
43
2
-107
-28
-36
-115
9
-26
-45
-81
-100
-140
-26
-22
-31
-148
-135
17
-12
-19
-157
-68
-149
-120
-245
-25
-11
-140
-16
-138
-146
-245
-262
-211
-155
-120
-244
-254
-245
-129
-283
-78
-233
-291
-240
-162
-159
-247
-331
-262
-137
-291
-80
-285
-235
-162
-146
-285
-288
-279
-130
-230
-8
-180
-128
-172
-238
-242
-233
-106
-260
-136
-344
-42
-159
-141
-112
39
-83
16
-212
-105
-144
-121
5
-139
-27
-137
-308
-263
-124
-241
-87
-229
-246
-115
-190
-100
-247
-105
-257
-115
-236
-117
-9
-181
-41
-302
-135
-285
-235
-130
-139
-241
-284
-218
-99
-271
-129
-252
-273
-126
-153
-297
-270
-266
-140
-250
-114
-263
-87
-203
-223
-187
-205
-74
-152
-153
-304
-36
-94
-110
-106
42
-50
-73
-190
-91
-112
-123
12
-94
-55
-117
-250
-208
-85
-199
-107
-223
-199
-66
-140
-122
-192
-85
-237
-148
-219
-90
-73
-150
-59
-220
-172
-248
-148
-170
-273
-304
-247
-100
-203
-71
-272
-126
-203
-244
-246
-236
-115
-239
-193
-305
-59
-118
-129
-136
17
-93
-47
-211
-109
-186
-151
-25
-97
-75
-129
-318
-219
-89
-211
-119
-266
-256
-129
-182
-128
-311
-101
-196
-151
-243
-94
-47
-175
-87
-223
-144
-100
-268
-267
-244
-216
-81
-161
-153
-335
-53
-117
-108
-82
14
-28
-34
-167
-181
-191
-162
-1
-49
-37
-156
-346
-273
-114
-204
-97
-249
-216
-83
-99
-83
-212
-146
-241
-156
-197
-64
-24
-124
1
-181
-119
-45
-106
-82
-126
25
-85
-127
-200
-185
-143
-173
-15
-145
-142
-229
-261
-233
-120
-231
-207
-316
-202
-67
-132
-195
-298
-100
-254
-234
-265
-76
-124
-180
-140
-287
-281
-50
-2
-45
69
-15
-33
-81
-112
-83
35
-47
-44
-189
-132
51
-23
-45
-140
24
-125
-77
-179
54
19
-99
-34
-158
-164
-97
-127
23
-82
-17
-116
-133
5
-41
-18
-119
-28
-113
-96
-136
27
15
-11
-22
-108
-146
-237
-146
-144
-157
-250
-161
-194
-146
-220
-94
-64
-181
-31
-196
-213
-135
-172
-214
-213
-26
-72
-119
-34
-161
-153
-119
-66
-132
-155
-218
-233
-28
-139
-129
-148
