-99
-109
38
-89
-95
-108
-157
-66
-44
-44
-67
-117
-119
-111
-160
-103
-12
-71
-314
-172
-253
-294
-275
-238
-268
-197
-179
-165
-225
-248
-280
-214
-272
-183
-183
-180
-324
-217
-246
-233
-222
-221
-124
-216
-244
-218
-236
-191
-235
-103
-230
-101
-153
-90
-176
-69
-60
-55
-69
-168
-177
-99
-94
-170
-51
-62
-220
-237
-220
-216
-176
-180
-155
-219
-244
-211
-207
-233
-165
-214
-213
-241
-188
-208
-169
-112
-239
-227
-245
-219
-292
-178
-129
-215
-223
-158
-104
-140
-237
-238
-227
-212
-243
-108
-176
-216
-205
-158
-167
-227
-235
-228
-224
-241
-199
-226
-168
-202
-187
-218
-221
-252
-257
-230
-115
-150
-54
-136
-116
-191
-227
-152
-204
-87
-126
-110
-184
-82
-137
-175
-157
-55
-61
-172
-154
-149
-170
-227
-63
-170
-208
-221
-214
-239
-169
-229
-232
-214
-232
-167
-186
-220
-277
-115
-109
-222
-105
-167
-171
-137
-86
-99
-35
-94
-154
-100
-155
-86
0
-77
-46
-89
-102
-78
-162
-102
-51
-56
-58
-134
-92
-53
-135
-87
-36
-34
-119
-90
-119
-93
-154
-82
13
-70
49
-53
50
-102
56
84
85
60
-41
1
34
-23
4
43
26
-94
-106
-147
-82
7
-60
-3
-115
-110
-85
-157
-89
-42
-105
-83
-204
-79
-17
-108
-34
-123
-174
-88
-145
-149
-80
-19
-118
-91
20
2
-18
-89
-112
-104
-145
-99
9
-40
-144
-98
-104
-123
-147
-153
-136
-207
-114
-122
-99
8
-75
-89
-84
-93
-83
-134
-85
-20
-21
44
-16
41
-27
-59
-56
-54
48
5
-42
-68
-50
-17
-149
-46
6
2
-53
-59
-5
-147
-81
23
-12
-97
-85
-165
-65
-53
-54
-117
-191
-100
-79
-83
-154
-87
-26
-34
-166
-39
-134
-50
-14
9
-242
-410
-331
-325
-290
-317
-257
-263
-213
-287
-273
-294
-261
-268
-179
-244
-157
-291
-179
-210
-177
-146
-168
-110
-236
-230
-164
-173
-237
-155
-169
-257
-220
-212
-231
-163
-257
-142
-236
-238
-250
-229
-211
-238
-273
-304
-314
-279
-311
-286
-213
-296
-340
-324
-302
-347
-284
-210
-255
-245
-168
-188
-131
-245
-237
-237
-226
-231
-184
-188
-232
-209
-220
-183
-235
-219
-236
-212
-232
-222
-178
-175
-326
-223
-228
-223
-218
-232
-213
-174
-173
-170
-143
-137
-212
-190
-131
-194
-143
-133
-133
-263
-222
-163
-283
-237
-152
-129
-186
-161
-93
-209
-223
-119
-122
-202
-202
-237
-229
-190
-234
-220
-230
-210
-230
-219
-224
-205
-171
-124
-246
-165
-223
-239
-152
-140
-237
-203
-166
-229
-155
-142
-126
-119
-193
-281
-174
-132
-245
-95
-133
-298
-307
-305
-322
-268
-255
-207
-306
-300
-301
-307
-295
-197
-283
-238
-249
-214
-223
-176
-161
-210
-276
-237
-211
-288
-171
-152
-234
-203
-173
-114
-150
-228
-246
-254
-215
-228
-76
-165
-217
-208
-158
-173
-237
-248
-238
-207
-242
-160
-234
-153
-168
-212
-211
-210
-228
-184
-221
-102
-129
-126
-154
-172
-237
-248
-134
-247
-118
-142
-120
-178
-89
-144
-155
-175
-45
-63
-175
-164
-163
-203
-221
-89
-145
-225
-247
-204
-221
-170
-206
-227
-187
-234
-150
-264
-206
-200
-116
-166
-249
-87
-150
-164
-152
-76
-165
-91
-146
-92
-51
-70
-9
-163
-165
-96
-98
-161
-98
-97
-170
-268
-132
-190
-114
-101
-233
-242
-170
-129
-304
-151
-101
-156
-68
-47
-14
-9
-175
-164
-112
-107
-176
-28
-34
-179
-128
-127
-123
-234
-249
-179
-161
-225
-186
-168
-44
-89
-87
-145
-157
-68
-92
-155
-25
17
-11
-31
-92
-141
-66
-10
-166
-23
-4
15
-132
-66
-58
-121
-115
2
13
-114
-44
-26
-54
-128
-10
8
-180
-172
-159
-182
-135
-137
-125
-150
-221
-133
-116
-103
-201
-52
-38
-150
-9
-65
-152
-103
-20
-200
-278
-195
-188
-211
-100
-227
-271
-194
-196
-278
-177
-164
-205
-225
-100
-125
-69
-232
-252
-224
-245
-206
-152
-169
-219
-172
-181
-138
-225
-235
-185
-204
-206
-202
-210
-116
-204
-175
-226
-203
-213
-220
-200
-131
-177
-65
-37
-92
-168
-181
-90
-177
-106
-111
-83
-204
-175
-143
-250
-198
-128
-100
-135
-95
-64
-154
-160
-61
-68
-216
-210
-208
-208
-201
-245
-236
-209
-226
-235
-261
-225
-204
-142
-168
-225
-146
-158
-221
-150
-108
-278
-207
-196
-159
-71
-221
-278
-241
-215
-299
-159
-106
-297
-252
-243
-199
-312
-296
-296
-255
-308
-261
-192
-163
-204
-159
-194
-222
-211
-199
-271
-160
-87
-139
-115
-161
-228
-198
-151
-270
-172
-118
-78
-232
-181
-174
-230
-233
-123
-64
-151
-121
-89
-161
-220
-68
13
-268
-240
-225
-286
-226
-168
-283
-279
-310
-241
-174
-242
-293
-176
-106
-270
-159
-151
-252
-157
-80
-218
-165
-151
-155
-239
-226
-257
-218
-264
-162
-135
-90
-137
-145
-213
-244
-227
-215
-210
-86
-84
-57
-55
-109
-162
-193
-85
-191
-40
-54
-8
-156
-98
-140
-136
-97
12
-10
-146
-89
-83
-140
-162
-2
-13
-236
-256
-207
-230
-157
-177
-276
-241
-217
-223
-163
-229
-239
-122
-139
-209
-64
-173
-162
-89
-23
-190
-219
-215
-225
-230
-228
-219
-232
-150
-158
-149
-149
-178
-223
-220
-157
-235
-156
-143
-127
-228
-170
-153
-201
-176
-151
-138
-177
-159
-160
-172
-197
-116
-109
-224
-234
-217
-213
-252
-204
-238
-209
-217
-274
-259
-211
-266
-159
-150
-202
-151
-240
-213
-166
-146
-83
-146
-94
-142
-171
-88
-173
-30
-44
-182
-214
-172
-165
-260
-192
-88
-67
-208
-108
-139
-236
-247
-101
-60
-199
-209
-205
-227
-116
-168
-234
-224
-205
-140
-101
-241
-233
-97
-86
-229
-103
-163
-163
-94
-42
-20
-63
-64
-86
-46
-112
-31
5
-59
-70
-84
-75
-190
-13
-15
-138
-169
-79
-155
-84
-109
-200
-144
-231
-135
-133
-182
-200
-86
-68
-158
-11
-99
-150
-61
-32
-136
-32
-36
-131
-123
-23
19
-168
-150
-197
-176
-137
-134
-65
-133
-122
-92
-35
-179
-141
-21
-44
-180
-60
-143
-111
-82
4
-133
-140
-182
-171
-113
-132
-84
-159
-151
-91
-53
-145
-149
-21
25
-213
-49
-125
-149
-64
24
-231
-202
-216
-222
-224
-222
-249
-160
-165
-233
-131
-231
-179
-155
-128
-229
-192
-162
-166
-216
-164
-231
-192
-137
-135
-221
-113
-133
-160
-80
-44
-126
-168
-88
-103
