-216
-211
-67
-228
-71
-221
-48
-253
-91
-165
-257
-214
-205
-168
-80
-60
-169
-225
-232
-178
-255
-201
-216
-134
-198
-81
-157
-296
-191
-211
-295
-203
-81
-202
-204
-93
-212
-194
-209
-91
-244
-121
-191
-291
-225
-189
-234
-165
-169
-215
-224
-153
-77
-163
-57
-116
-45
-141
-102
-93
-163
-117
-67
-42
-146
-137
-183
-266
-88
-224
-118
-195
-240
-245
-204
-250
-122
-201
-223
-233
-157
-83
-128
-65
-144
-129
-158
-181
-178
-91
-61
-137
-235
-89
-222
-80
-197
-210
-273
-192
-322
-83
-75
-220
-232
-89
35
-68
-96
-97
-81
-129
-39
15
-126
-94
-147
-217
-238
-218
-225
-238
-111
-174
-219
-205
-143
-106
-135
-140
-121
25
47
-123
-103
-192
-176
-192
-261
-85
-55
-163
-192
-231
-268
-232
-109
-88
-196
-221
-190
-289
-175
-84
-191
-215
-224
-161
-148
-190
-215
-103
-107
-205
-231
-37
-78
-77
-79
-88
-176
-155
-86
-184
-96
-198
-119
-223
-65
-240
-254
-239
-169
-164
-158
-99
-187
-189
15
-86
-45
-160
-16
-134
-1
-157
-172
-139
-88
-88
-50
-75
-108
-135
-7
73
-125
5
-66
3
-109
-74
-23
-97
11
15
-3
-50
-128
-5
-233
-41
-187
-89
-141
-173
-189
-156
-121
-3
-102
-118
-147
-59
46
-41
17
-44
-43
-32
-44
34
32
46
39
-66
-72
-202
-68
-184
-226
-218
-230
-197
-108
-73
-191
-223
-56
69
-64
-108
-72
-40
-19
-11
-45
-58
-61
-138
-220
-225
-186
-174
-104
-93
-121
-169
-165
-103
-72
-35
-126
24
7
49
-25
-65
-221
-154
-158
-135
-98
-47
-133
-176
-177
-236
-167
-155
-52
-157
-198
-147
-131
-144
-31
-141
-197
-109
-124
-97
-120
-171
-25
31
-54
-168
-20
-32
-80
-25
-39
-90
-139
-211
-205
-222
-133
-223
-63
-189
-306
-199
-193
-252
-241
-128
-209
-234
-168
-124
-199
-153
-105
-82
-229
-185
-156
-155
-143
-184
-58
-211
-186
-193
-236
-162
-213
-97
-191
-318
-224
-247
-250
-219
-164
-226
-226
-174
-160
-125
-98
-161
-189
-199
-185
-198
-201
-44
-132
-198
-181
-222
-86
-221
-299
-208
-238
-278
-220
-93
-212
-211
-148
-21
-140
-179
-149
-152
-147
-165
-112
-230
-128
-128
-199
-265
-203
-223
-240
-195
-151
-210
-185
-106
-128
-67
-164
-98
-67
32
-84
-27
-233
-196
-191
-230
-206
-57
-170
-150
-287
-299
-322
-282
-129
-255
-241
-209
-278
-312
-88
-195
-181
-240
-225
-123
-241
-218
-241
-85
-230
-241
-90
-207
-171
-78
-1
-195
-47
-81
-139
17
-37
15
-132
-134
-87
-133
-90
-39
-47
-142
-132
-156
-275
-83
-207
-102
-235
-298
-216
-205
-211
-132
-180
-230
-220
-172
-114
-141
-104
-167
-199
-194
-175
-155
-142
-133
-164
-241
-123
-226
-132
-192
-305
-233
-220
-255
-162
-132
-210
-212
-104
40
-107
-126
-100
-104
-103
-70
-80
-148
-96
-148
-230
-255
-221
-215
-240
-168
-218
-224
-205
-125
-150
-89
-151
-85
-36
28
-88
-84
-265
-205
-197
-223
-175
-157
-201
-188
-272
-330
-303
-247
-197
-285
-308
-212
-234
-212
-149
-225
-207
-225
-184
-153
-228
-170
-155
-132
-184
-193
-108
-156
-141
-142
-118
-162
-63
-182
-10
-92
-74
-163
-99
-94
-128
-125
-38
-65
-211
-193
-108
-36
-52
-14
-83
-67
-66
-151
-51
-45
-24
-81
-154
-114
-123
-50
-199
-162
-145
-170
-164
-57
-69
-205
-233
16
61
-36
-36
-7
-45
-8
-14
-6
-121
-76
-38
-144
-80
-79
-146
-82
-41
-95
-136
-161
-105
-24
25
-101
-4
17
64
-105
-71
-138
-111
-144
-155
-120
-76
-201
-196
-78
-163
-81
-50
-30
-152
-147
-98
-84
-74
-16
-134
-128
-126
-150
-104
-208
-199
-18
-6
-154
-149
-6
-137
-62
-54
-78
-187
-155
-51
-129
-68
-120
-134
-146
-175
-163
-76
-115
-135
-208
-72
-231
-100
-211
-245
-241
-231
-286
-128
-172
-250
-303
-91
14
-72
-111
-117
-92
-106
-36
-121
-157
-126
-147
-209
-205
-222
-230
-230
-103
-198
-246
-207
-129
-99
-98
-158
-84
6
-35
-99
-116
-187
-199
-194
-238
-116
-122
-200
-199
-242
-282
-229
-133
-181
-234
-237
-244
-256
-194
-142
-230
-228
-219
-178
-219
-252
-235
-108
-184
-222
-226
-70
-128
-109
-181
-172
-231
-35
-86
-59
-103
-92
-125
-170
-146
-45
-7
-117
-153
-44
12
-18
-52
-90
-86
-31
-15
-8
-99
-82
-69
-104
-107
-105
-143
-70
-2
-61
-106
-120
-79
-51
-68
-97
-36
17
75
-13
-75
-115
-113
-99
-129
-55
2
-77
-122
-132
-179
-125
-63
-11
-90
-139
-157
-131
-91
-35
-105
-178
-181
-148
-111
-176
-198
-38
6
-65
-205
-3
-50
-98
-34
-76
-133
-103
20
-86
-116
-96
-108
-124
-26
-37
-163
-106
-149
-204
-222
-226
-223
-282
-106
-162
-225
-228
-129
-91
-97
-163
-130
-9
47
-105
-104
-215
-205
-171
-274
-99
-69
-189
-199
-245
-286
-243
-143
-101
-228
-214
-218
-288
-192
-87
-231
-226
-248
-189
-174
-246
-228
-130
-108
-280
-283
-22
-120
-89
-98
-77
-233
-13
-83
-88
-109
-96
-80
-51
-108
-134
-91
25
40
64
-20
43
55
92
-29
11
-75
-81
-72
-121
-38
3
-95
-71
-111
-163
-103
-57
-41
-154
-96
-91
-80
-86
-28
-122
-101
-97
-73
-110
-146
-84
25
15
-127
-111
-39
-63
2
-82
-28
-106
-200
-153
-180
-201
-160
-35
-96
-210
-128
-218
-203
-222
-248
-97
-137
-173
-193
-219
-274
-216
-108
-149
-212
-177
-207
-249
-166
-140
-195
-221
-235
-173
-195
-235
-196
-81
-138
-248
-220
-100
-97
-109
-165
-105
-179
-130
-79
-175
-89
-31
7
-97
-119
-89
-165
-68
8
42
-110
-79
-109
-114
-41
63
-89
-85
-148
-115
-38
-171
-136
48
102
-64
-97
75
32
27
41
59
-83
-222
-270
-204
-106
-65
-178
-179
-180
-242
-186
-62
-190
-163
-209
-168
-75
-222
-191
-111
-63
-219
-210
-53
-92
-65
-42
-28
-153
-223
-254
-169
-93
-211
-213
-269
-224
-143
-314
-230
-92
-71
-205
-214
-43
-133
-83
-79
-70
-208
-212
-208
-115
-199
-184
-209
-77
-238
-252
-93
-187
-181
-87
-44
-188
-175
-130
-239
-224
-125
-183
-166
-136
-84
-217
-19
-104
-93
-75
-59
-202
-22
-3
-77
-51
