-43
-93
-145
0
-150
-28
-138
-96
-86
-137
6
3
-68
3
-130
-35
-196
-58
-157
-64
-82
-95
-22
-64
-91
-124
-28
-242
-51
-166
-55
-106
-108
-6
10
-134
-88
-269
-89
-242
-232
-231
-249
-174
-109
-221
-153
-20
-216
-20
-154
-133
36
-36
-71
-190
-341
-227
-343
-348
-187
-173
-291
-111
-47
-153
-157
-19
-38
-117
-115
-243
-229
-100
-102
-237
-115
-99
-72
-31
-299
-223
-158
-91
-225
-166
-163
-287
-22
-161
-93
12
-11
-13
-121
-5
-32
-40
-29
-45
-26
36
-37
-69
-25
-125
-79
-67
-15
-38
-19
-32
83
-43
-44
-114
-32
-99
-82
-89
-114
-85
29
-89
-121
-20
-90
-40
-95
-70
-29
57
-66
-99
-107
-124
-188
-182
-70
13
-88
6
-53
-100
-109
-16
25
-39
-60
-81
-72
-19
47
-72
-16
-52
-39
56
-151
-87
-83
24
-93
-71
16
-140
34
-77
27
38
95
-65
67
36
55
41
96
53
125
57
-29
-129
-15
-111
-89
-91
-91
-97
-44
-89
-138
0
-58
7
-79
-39
2
-5
34
-154
-169
-160
-198
-228
-158
-138
-168
-7
-22
-89
-68
-13
-30
-23
-33
-107
-72
-27
16
-124
-41
-12
-43
-2
-111
-87
-67
-30
-102
-66
-70
-100
-3
-88
16
-16
-167
-20
-105
-104
-96
-106
-79
38
-95
-133
16
-97
-5
-90
-66
20
65
-15
-155
-253
-151
-186
-196
-127
-39
-145
-7
-29
-51
-65
-12
89
-38
-52
-108
-70
-52
49
-95
-41
-25
-27
56
-89
-75
-75
35
-106
-69
-6
-143
56
-70
60
-136
-39
-177
-58
-151
-120
-64
-43
-88
-165
-204
-204
-296
-264
-221
-142
-214
-112
-114
-129
-166
-47
-24
-82
-139
-222
-224
-142
-94
-236
-169
-187
-171
-103
-253
-233
-249
-102
-231
-205
-173
-256
-120
-232
-88
-140
-243
-124
-246
-255
-139
-109
-171
-84
-10
-130
-126
9
2
-33
-90
-208
-179
-51
-75
-189
-73
-35
-19
-8
-102
-162
-136
-79
-157
-126
-130
-183
-1
-64
-34
-160
-166
-262
-287
-141
-132
-152
-208
-341
-299
-156
-182
-195
-206
-189
-163
-132
-277
-377
-309
-210
-328
-288
-248
-321
-127
-202
-146
-61
-128
-143
2
-47
-81
-85
-98
-31
-27
-91
-174
-135
-85
-172
-104
-186
-189
-36
-66
-48
-78
-60
-6
13
-214
-230
-138
-89
-260
-148
-114
-271
-37
-178
-85
-119
-136
4
-181
-108
-69
-269
-49
-211
-102
-226
-166
-248
-117
-227
-95
-176
-249
-168
-116
