-217
-236
-72
-221
-171
-228
-253
-182
-213
-84
-237
-201
-113
-217
-91
-134
-109
-240
-238
-158
-208
-185
-245
-240
-124
-222
-94
-261
-239
-168
-254
-86
-189
-144
-276
-88
-210
-152
-228
-215
-91
-222
-115
-240
-249
-100
-243
-134
-159
-100
-265
-84
-70
-92
-63
-28
-149
-13
-83
-170
-57
-170
-29
-63
-38
-91
-190
-212
-176
-106
-226
-101
-272
-229
-141
-218
-114
-150
-181
-232
-184
-157
-98
-192
-62
-149
-224
-89
-238
-77
-116
-115
-186
-174
-109
-250
-156
-237
-284
-97
-218
-208
-165
-105
-229
-92
-228
-91
-281
-225
-83
-248
-144
-128
-82
-206
-189
-42
-107
-94
-58
-200
-58
-55
-20
-77
-105
-232
-334
-190
-240
-164
-149
-120
-232
-86
-119
-40
-177
58
-62
-16
-103
-233
-109
-260
-129
-162
-94
-281
-180
-232
-190
-153
-167
-230
-169
-44
-52
-53
-118
-120
-191
-185
-240
-53
19
-117
-55
-161
-90
-240
-106
-226
-111
-197
-196
-163
-203
-36
-227
-172
-184
-187
-87
-143
-120
-256
-86
-277
-92
-234
-157
-122
-210
-96
-242
-258
-146
-230
-139
-102
-74
-309
-106
18
-89
-39
-46
-141
-10
-109
-126
-79
-151
-26
-14
-43
-87
-108
-243
-126
-135
-198
-93
-227
-191
-217
-195
-67
-90
-165
-251
-152
-51
-34
-121
41
-92
-116
-38
-143
-4
14
-47
-102
-165
-198
-238
-150
-210
-278
-200
-218
-188
-75
-100
-235
-122
-198
-52
-259
-202
-130
-175
-79
-78
-77
-156
-206
-97
-185
-145
-101
-178
-56
-53
-54
-80
-54
-208
-287
-155
-189
-150
-79
-76
-221
-109
-50
-44
-82
50
-16
-14
-90
-219
-155
-230
-131
-68
-103
-194
-155
-150
-184
-64
-127
-224
-187
-24
-74
-56
-179
-84
-132
-136
-206
-22
32
-124
-12
-79
-98
-128
-214
-129
-192
-106
-75
-186
-97
-253
-243
-100
-212
-104
-167
-147
-210
-149
-84
-108
-124
-100
-176
-70
-94
-183
-133
-191
-51
-145
-124
-137
-193
-226
-163
-96
-222
-96
-251
-190
-158
-212
-84
-104
-244
-223
-192
-137
-35
-157
-45
-129
-189
-110
-180
-38
-136
-112
-149
-156
-107
-224
-142
-221
-255
-165
-216
-142
-165
-165
-250
-81
-227
-83
-170
-206
-146
-183
-69
-187
-140
-186
-170
-61
-80
-106
-44
-180
-43
-90
-75
-86
-105
-170
-291
-186
-215
-138
-166
-175
-199
-87
-99
-55
-133
26
-99
-81
-105
-216
-132
-229
-22
-147
-155
-231
-186
-204
-160
-146
-206
-233
-183
-38
-150
-152
-172
-91
-232
-202
-222
-92
-28
-126
-156
-217
-169
-66
-16
-68
-14
-12
-115
-46
-43
-146
-25
-152
-50
-27
1
-77
-128
-224
-70
-60
-198
-69
-225
-210
-100
-189
-113
-86
-137
-233
-134
-12
-4
-127
-15
-99
-129
23
-155
9
18
-13
-115
-80
-41
-181
-115
-213
-295
-92
-214
-159
-92
-64
-243
6
-69
-47
-145
-161
18
-144
1
36
0
-97
-117
-17
-59
-94
42
-121
-14
-33
-9
-50
-77
-210
-343
-99
-182
-127
-61
-80
-257
-81
-91
11
-205
57
19
-3
-87
-227
-76
-196
-91
-96
-76
-236
-158
-233
-208
-111
-151
-296
-182
16
-29
0
-125
-126
-146
-164
-229
-6
47
-154
1
-122
-95
-60
-69
-21
-23
-138
-34
-124
-130
-43
-107
-34
-19
-69
-100
-58
5
24
-116
-11
13
-101
3
-126
-15
5
-28
-4
-42
-27
-160
-60
-96
-155
3
-154
-53
-9
-37
-83
11
-145
-2
-70
-105
-18
-109
2
17
-17
-41
-132
-8
-32
-78
-9
-147
2
-40
5
46
-108
-129
-250
-139
-212
-126
-96
-93
-79
24
-39
3
-123
52
-20
-47
-39
-138
-45
-180
-28
-26
-1
-76
-117
-166
-138
-47
-150
-107
-116
-6
-14
-17
-46
-71
-130
-130
-156
-9
62
-18
-10
-33
-25
-172
-113
-38
-171
-55
-169
-197
-97
-184
-72
-87
-137
-156
-80
-71
-219
-131
-215
-260
-87
-171
-142
-84
-137
-261
-33
-150
-42
-168
-151
-78
-90
-18
14
-62
-93
-151
2
-129
-83
-44
-119
-32
-36
-88
-57
-84
-239
-284
-163
-211
-143
-65
-158
-203
-113
-70
-31
-127
34
-48
-89
-96
-214
-194
-211
-128
-138
-192
-249
-155
-154
-131
-85
-197
-180
-188
-48
-39
-118
-159
-64
-125
-220
-203
-33
-20
-95
-91
-92
-172
-78
-26
-173
-109
-130
-221
-73
-168
-122
-38
-72
-145
4
-135
-18
-75
-138
-35
-106
-17
-5
-31
-30
-150
0
-7
-57
10
-152
7
-31
-23
14
-51
-121
-271
-131
-186
-128
-87
-104
-91
-16
-51
25
-123
57
-6
3
-32
-126
41
-147
13
-41
-15
-95
-144
-172
-115
-101
-121
-162
-136
-2
-23
-14
-13
-80
-153
-132
-153
-28
52
-21
-11
-48
-32
-28
-136
-54
-141
-207
-50
-144
-92
-16
-32
-97
-134
-66
-77
-129
-25
-165
-51
-48
5
-5
-157
-206
-318
-153
-199
-192
-112
-92
-196
-186
-170
-54
-189
-41
-90
-68
-178
-269
-83
-218
-165
-99
-111
-282
-162
-262
-249
-144
-175
-311
-148
-99
-34
-25
-107
-168
-160
-169
-207
-68
-3
-180
-41
-86
-71
-152
-2
-55
-72
7
-120
-11
-17
-15
11
-78
-196
-273
-119
-208
-115
-88
-108
-144
-47
-65
-6
-128
59
2
-18
-40
-209
-61
-217
-56
-94
-50
-172
-139
-183
-136
-72
-137
-150
-126
2
1
-17
-40
-70
-126
-115
-184
-20
41
-25
9
-40
-48
-123
-132
-215
-137
-208
-138
-99
-101
-47
-12
-30
26
-141
56
-15
-11
-12
-86
37
-151
14
-29
2
-53
-47
-98
-96
-62
-41
-15
-126
23
-9
-6
54
-83
-140
-128
-141
-29
24
46
-20
27
34
-42
-174
-54
-154
-36
-5
-48
-79
-304
-136
-188
-86
-75
-80
-247
-264
-294
-269
-150
-226
-306
-185
-97
-104
-73
-172
-142
-171
-146
-209
-101
-32
-93
-16
-110
-68
-92
59
-139
94
-36
18
-81
-44
-157
-18
8
-106
-94
-103
82
20
-1
-33
-34
-164
-132
-147
48
96
38
16
-31
-84
-137
-208
-138
-84
-139
-233
-136
24
-14
-10
-117
-79
-176
-136
-218
-21
50
-99
-39
-103
-100
-174
-106
-71
-118
-142
-120
-101
-212
-210
-75
-54
-168
-66
-91
-158
-56
-131
-121
-156
8
67
-27
-24
-19
-38
-94
-44
-109
-137
-195
-153
68
-28
34
-45
