60
44
40
15
-6
100
15
79
52
105
11
-5
21
-52
35
47
3
50
-54
0
-26
-115
-5
4
-8
-78
-10
-42
-95
84
-110
-64
16
-60
-47
-31
-126
-194
-58
-58
-104
-135
-39
-121
-166
-37
-128
-66
-77
-71
-167
-61
-55
2
2
-69
-116
24
-100
-110
0
-111
-54
-11
-54
-27
-152
-55
-67
-32
-80
-39
-105
-164
-4
-97
-104
-37
-113
-105
-60
-114
-164
-173
-65
-200
-218
-78
-192
-174
-137
-198
-164
-33
-46
2
-40
-44
-123
27
-28
-92
26
-77
-19
-36
-120
28
-71
-120
-19
-116
-113
11
-109
-105
-53
-44
-116
-123
8
-91
-74
-34
-92
-45
-57
-104
-152
-102
-128
-106
-71
-140
-80
-83
-57
34
-98
-47
-3
-106
-106
-173
-51
-123
-125
-90
-205
-70
-63
-139
-223
-126
-137
-125
-75
-48
0
-64
5
-97
-31
-103
-112
-73
-86
-80
-37
-30
-161
-50
19
19
-49
47
20
3
-78
37
-3
-43
77
-120
-102
21
-115
-110
6
-123
-148
-16
-31
-84
-97
38
-106
-82
0
-182
-115
-102
-126
-170
-51
-26
16
-4
-45
-59
91
-98
-42
7
-159
-19
-4
-101
-36
-93
14
-53
-63
-79
18
-117
-82
-37
-184
-110
-10
-152
-106
41
-90
-103
-119
26
-121
-81
-21
-212
-109
-48
-230
-85
55
62
39
92
25
-22
101
-54
-20
101
-63
32
-23
-65
111
-124
-116
-2
-133
-125
20
-118
-117
-36
54
-130
-82
-18
-175
-89
-18
-171
-41
39
-88
-69
-42
-173
-91
-58
-163
-96
-45
62
107
-115
18
37
-105
-41
-91
-5
-186
-101
-72
-216
-107
-21
-165
-125
-50
-138
-84
-129
-28
-15
-127
-27
-168
-115
-263
-160
-55
-138
-104
-67
-32
-242
-58
-177
-248
-138
-73
-155
-223
-111
-148
-213
-10
-230
-205
-126
-178
-266
-93
-89
-8
-17
-17
-125
27
-86
-96
31
-163
-87
18
-75
-92
-159
-50
-55
-54
-111
-39
-111
-141
59
-155
-141
-8
-140
-155
-57
-102
-141
-258
-104
-165
-201
4
-268
-246
-110
-246
-217
-37
-11
-76
-12
-51
-133
96
-113
-147
20
-144
-82
-33
-137
60
-56
-102
89
-155
-136
7
-117
-167
-117
-17
-81
-100
72
-161
-121
-11
-152
-74
-81
-121
-160
-112
-201
-234
-148
-252
-191
-69
-33
125
-141
-117
-16
-132
-142
-119
20
-173
-162
-69
-195
-168
23
-195
-258
-102
-210
-179
-50
6
78
-66
-20
-188
-114
-234
-240
-139
-189
-181
-105
-68
-266
-154
-171
-59
-11
-71
-136
44
-165
-175
-9
-165
-77
-69
-93
-178
-314
-193
-192
-210
-203
-104
-243
-246
-91
-226
-244
-195
-288
-307
-174
-204
-302
-309
-164
-298
-293
-177
-363
-290
-264
-313
-344
-48
-143
-125
-62
-177
-198
-9
-163
-201
-64
-179
-225
-90
-179
44
-172
-177
-9
-150
-175
-94
-170
-203
-185
-111
-233
-238
-87
-218
-220
-144
-254
-205
-101
-221
-238
-170
-237
-262
-198
-259
-285
-182
-101
37
-157
-115
-98
-161
-206
-231
-98
-219
-273
-199
-339
-284
-99
-237
-328
-248
-270
-296
-122
-101
-91
-127
-168
-238
-174
-222
-292
-195
-209
-309
-164
-236
-334
-172
-97
-134
-61
-184
4
-255
-231
-47
-207
-153
-121
-170
-131
-29
-54
-119
-206
37
-187
-136
-23
-235
-109
-58
-151
-87
9
-19
-72
20
-84
-144
34
-112
-110
19
-85
-30
-39
-164
100
-165
-119
-11
-138
-134
-1
-114
-74
-78
10
-162
-143
-33
-154
-94
6
-131
-4
-45
-193
-228
-116
-226
-161
-119
-229
-117
-113
-9
96
-96
24
51
-48
-47
-210
-70
-237
-180
-135
-235
-143
-60
-184
-177
-107
-177
-160
-105
-9
6
-87
-22
-173
-98
-168
-158
-77
-109
-96
-38
-37
-164
-90
-210
-175
-248
-93
-238
-233
-79
-271
-234
-161
-304
-231
-106
-57
-97
-47
-127
-157
18
-89
-191
12
-196
-101
-93
-208
10
-245
-190
-79
-180
-266
-77
-204
-193
-122
-54
-181
-181
-26
-155
-191
-4
-223
-89
-92
-221
-219
-112
-211
-224
-153
-290
-177
-172
-144
51
-139
-111
-16
-185
-159
-234
-107
-214
-251
-175
-370
-223
-110
-218
-341
-164
-284
-228
-106
-107
-62
-129
-89
-218
-106
-243
-216
-196
-236
-253
-111
-101
-293
-53
-112
-151
-29
-100
-176
36
-126
-166
-30
-181
-87
-203
-288
-30
-191
-232
-81
-259
-266
-94
-252
-220
-226
-119
-248
-239
-113
-271
-250
-137
-316
-158
-126
-283
-296
-224
-316
-306
-247
-390
-252
-185
-88
14
-196
-122
-52
-218
-176
-248
-116
-291
-256
-183
-386
-224
-117
-311
-292
-222
-301
-238
-189
-111
-81
-233
-109
-307
-233
-348
-274
-219
-299
-218
-237
-152
-389
-25
-70
48
-52
-119
92
-75
-189
69
-158
-73
-41
-32
-60
-118
40
-70
-153
60
-176
-26
-39
-111
-159
-37
-77
-170
-11
-193
-101
-107
-64
99
-61
-120
66
-156
-65
-150
41
-109
-186
-13
-194
-88
-23
-144
-270
-74
-214
-169
-20
-47
94
-75
46
-168
35
-179
-150
-66
-195
-152
-47
32
-188
-152
31
-199
-151
-46
-141
-197
-18
-181
-146
-9
-246
-209
-140
-190
-254
-137
-240
-218
-62
-9
131
-39
-53
54
-105
-115
-216
-93
-228
-259
-127
-311
-202
-71
-188
-287
-132
-187
-245
-113
-108
2
-110
-60
-221
-76
-216
-235
-132
-215
-249
-30
-100
-256
-57
-174
-143
-80
-202
-182
-103
-260
-98
-145
-83
37
-137
-127
-14
-171
-71
-191
-69
-206
-236
-151
-308
-164
-96
-202
-245
-152
-257
-123
-120
-78
-20
-147
-31
-224
-92
-284
-202
-139
-217
-129
-122
-26
-235
-165
-114
-20
-171
-108
-81
-230
-141
-215
-149
-223
-244
-199
-315
-210
-182
-248
-295
-237
-265
-227
-189
-171
-146
-284
-181
-221
-170
-291
-213
-238
-295
-238
-231
-175
-326
-169
-41
-218
-180
-144
-275
-181
35
-179
-176
-79
-151
-171
-60
5
58
-95
-35
-160
-105
-200
-220
-58
-179
-161
-82
-103
-319
-107
-250
-286
-230
-281
-215
-128
-105
-67
-233
-53
-230
-147
-314
-213
-199
-276
-230
-225
-122
-350
-166
-129
-99
-143
-100
-259
-183
-255
-212
-266
-268
-271
-170
-175
-340
-123
-56
-187
-133
-59
-165
-97
-31
-28
-221
-161
-256
-222
-117
-118
-302
-116
-149
-287
-144
