-25
47
-48
-8
-43
-56
39
57
-89
-63
-21
-64
9
-13
-33
0
-108
-14
-38
-17
-19
-45
-159
-21
-19
-86
-86
-12
-84
-32
-15
-30
-15
-76
-30
0
29
-54
-76
74
-10
-84
-81
-16
-125
-7
-26
-58
21
-47
-39
-99
-74
-169
-31
-31
-174
-127
-61
-173
-74
-7
-116
-101
-163
-82
-113
-177
-10
18
-107
-151
-4
-153
-32
12
-9
22
-132
-16
-154
-29
-67
-192
-137
3
-126
-62
-49
-93
-34
-169
-137
-106
-118
-283
-225
-75
-220
-116
-96
-213
-166
-230
-80
39
-106
-153
4
-60
-24
24
-2
-45
-99
-32
-106
-87
59
-74
-35
-22
-25
-23
-103
-30
-251
-88
-230
-128
-132
-164
-119
-252
-92
-77
-225
-139
-148
-170
-141
-238
-85
-132
-20
65
27
-16
-55
-17
-136
-159
-170
-69
-203
-112
-53
-75
-62
-126
-33
-30
-50
-124
-35
-32
-131
-31
-106
-34
-90
3
-48
-8
-66
-65
-5
21
-32
-52
-46
-42
8
-10
-28
5
-36
-27
27
85
-17
56
163
101
18
28
34
24
159
32
28
94
49
31
-96
-101
-109
11
36
-129
-94
-103
-106
8
-46
-135
-57
-117
-46
-85
-37
72
111
-36
-77
13
-55
62
20
46
36
-52
3
-99
2
14
-143
-103
-38
-56
13
-41
-104
-40
-119
-68
27
26
-72
-81
-20
-55
41
0
-108
-53
-108
-41
176
6
-18
33
20
80
76
37
61
14
44
9
33
77
40
80
60
-11
46
19
37
-110
-61
-113
32
-18
-139
-38
-143
-56
-47
-99
-69
-94
-71
-99
-113
-46
-110
60
34
-7
19
-23
-28
19
-96
-99
-29
-95
-41
59
18
86
13
53
-6
4
-54
-9
24
-112
-51
15
-15
-45
-24
-1
-73
-73
44
-17
-56
-33
5
-52
14
-32
-21
22
-18
-22
-124
-117
-182
-26
-47
-133
-109
-107
-123
-60
-53
-113
-103
-98
-110
-84
-137
-10
47
-55
-121
-19
-98
-5
-2
-22
-3
-84
-23
-190
-12
-54
-133
-135
-52
-105
-32
-19
-103
-42
-126
-104
-116
-99
-198
-188
-83
-143
-98
-75
-237
-104
-197
-72
47
-46
-89
-29
0
-28
60
-87
18
-20
-49
-70
-49
28
-66
-26
-12
-45
-3
-55
-36
-108
-51
-107
-40
-46
-151
-32
-118
-39
-64
-126
-100
-113
-96
-115
-105
-75
-86
-25
24
-31
-44
-21
-40
-120
-79
-108
-54
-112
-45
-11
-72
-15
-42
-27
-35
-38
-51
-45
-49
-97
-81
-47
-24
-54
-73
-108
-83
30
-3
-107
-83
-95
-92
15
-40
-99
-39
-77
-75
-87
-105
87
45
-40
-55
2
-96
93
24
2
77
-46
6
-147
-26
-94
-138
-108
-29
-149
3
-24
-149
-22
-132
-116
30
-49
-89
-110
-19
-76
21
-28
-113
-45
-107
-27
110
38
-33
85
25
109
118
28
100
84
41
-39
-38
29
-39
26
-3
-48
29
-26
-30
-119
-14
-101
33
-41
-111
19
-84
-56
-44
-99
-57
-103
-105
-20
-100
-50
-107
16
45
-44
39
-5
-22
-55
-97
-96
9
-106
-76
35
17
88
40
35
-36
25
2
-47
37
-47
-47
53
-17
10
-230
-210
-68
-41
-185
-188
-153
-232
-86
-104
-153
-124
-223
-143
-247
-104
-101
-222
-219
-136
-225
-113
-115
-195
-169
-227
-203
-119
-119
-257
-223
-154
-231
-120
-129
-289
-257
-241
-137
41
-91
-126
-98
-113
-56
16
-120
-100
-87
-80
-105
-73
-20
-132
-46
-4
-127
-86
-89
-62
-280
-180
-249
-87
-102
-226
-156
-243
-170
-157
-223
-122
-135
-238
-215
-217
-129
-213
-101
-50
-151
-121
-135
-82
-191
-179
-201
-181
-211
-157
-4
-116
-120
-121
-82
-110
-64
-93
-87
-185
-254
-98
-154
-92
-129
-216
-65
-31
-188
-200
-119
-181
-98
-102
-151
-72
-240
-143
-44
-30
-140
-230
-63
-186
-117
-50
-207
-145
-235
-70
100
-46
-122
-27
-89
10
84
10
9
-78
0
21
-24
74
-46
51
73
35
53
-26
73
-178
-63
-166
-26
-44
-122
-7
-207
-18
-93
-183
-121
-96
-132
-135
-233
-77
-126
-30
46
-8
-16
-31
-16
-116
-133
-153
-108
-227
-94
-18
-13
-19
-104
-8
20
20
-75
-21
25
-181
-35
-69
-17
-67
-101
-98
-246
-233
-53
-212
-98
-101
-258
-160
-233
-147
41
-97
-151
17
-113
-20
25
-58
-40
-117
-128
-116
-114
35
-66
-59
9
-104
-51
-108
-89
-238
-100
-226
-107
-95
-210
-91
-237
-205
-98
-204
-140
-144
-224
-176
-251
-178
-108
-46
48
-81
-22
-72
-98
-129
-148
-247
-97
-237
-178
-44
-124
-50
-122
-131
-61
-23
-129
-129
-115
-213
-164
-116
-137
-183
24
-122
-158
-11
-87
-49
5
-115
-69
-114
-57
-150
-96
39
-91
-48
-18
-124
-111
-117
-74
-244
-115
-227
-84
-89
-328
-179
-318
-128
-106
-208
-156
-136
-276
-207
-267
-106
-98
-35
41
-128
-75
-56
-25
-132
-155
-231
-167
-255
-107
-51
-137
-88
-77
-39
-103
-112
-93
-61
-219
-292
-119
-151
-108
-103
4
0
83
60
46
127
37
36
31
51
-152
-42
-111
-38
40
-111
-29
-97
-65
-91
-166
-133
-51
-159
-115
-146
-63
-94
-29
93
23
-28
2
-6
-106
-43
-111
-50
-87
-68
13
-54
-12
-37
-50
62
21
38
-6
-29
-76
-23
-16
-18
-39
-111
27
-109
-53
-58
-101
-71
-105
-63
28
-82
-109
-109
-127
-125
-87
-46
-2
6
92
60
21
34
69
-81
-115
-149
-59
-105
-39
-14
-68
-43
-36
-37
-1
12
-44
-49
-71
-83
-30
-72
-50
-40
-120
-231
-199
-207
-224
-178
-253
-133
-183
-28
27
-134
-28
-118
-80
-150
-172
-257
-112
-261
-156
-43
-130
-65
-141
-56
-83
-26
-109
-83
-104
-202
-115
-126
-80
-125
-170
-89
-20
-76
-98
-94
-28
-210
-243
-215
-164
-246
-133
-131
-184
-133
-201
-69
-135
-136
-156
-112
-183
-242
-96
-200
-130
-104
-145
-116
-197
-98
-155
-106
34
-68
-34
-6
-18
78
28
36
8
35
-73
9
-32
-36
-8
-142
-221
-89
-126
-102
-190
-118
-168
-109
-85
-265
-120
-102
-72
-113
-47
-43
-37
-28
-92
-133
-66
-92
-25
-13
15
-70
-39
-42
-46
-66
-100
-18
-77
-27
