-172
-103
-106
-86
-114
-255
-212
-190
-195
-177
-204
-155
-226
-132
-126
-178
-155
-210
-94
-131
-132
-65
-213
-302
-218
-204
-188
-191
-186
-226
-129
-214
-88
-222
-241
-5
-14
-19
-97
-171
-81
-106
-112
-163
-149
-104
-50
-88
-69
-84
-110
24
-12
-93
-108
-79
-72
-80
-92
-140
-139
15
-75
13
-93
-103
-16
-88
-128
-60
-76
-90
-104
-159
-87
-10
-63
-52
-121
-110
-104
-122
-135
-130
-128
-157
-91
-102
-40
-59
-54
-82
-136
-272
-235
-226
-235
-207
-240
-246
-87
-245
-170
-201
-234
-313
-241
-261
-231
-247
-288
-107
-183
-191
-220
-259
-232
-264
-199
-224
-225
-100
-182
-163
-208
-262
-236
-215
-213
-283
-100
-219
-248
-173
-229
-219
-224
-251
-97
-188
-233
-212
-247
-205
-217
-110
-219
-229
-291
-224
-227
-150
-215
-214
-221
-265
-102
-158
-149
-204
-252
-80
-90
-118
-104
-126
-119
-201
-158
-186
-214
-50
-57
-48
-12
-142
-136
-141
-113
-88
-71
-99
-182
-83
-71
-4
-77
-142
-1
1
-35
-84
-113
-8
-31
-35
-59
-106
-69
-19
-15
-8
-15
7
7
-27
-66
-14
17
17
-40
11
-76
-104
-24
12
42
-7
-43
-27
-84
-25
-9
-1
-11
-32
-67
-50
-37
-11
12
-5
-1
-96
-49
-41
-5
-51
-24
-63
-86
-24
-15
-27
-27
-35
-162
-155
-199
-208
-151
-160
-222
-63
-135
-131
-69
-204
-133
-75
-82
-85
-83
-191
-36
-19
-45
-55
-91
-115
-133
-76
-76
-146
23
-15
-48
-21
-131
-121
-71
-103
-153
-10
-64
-92
-14
-112
-94
-120
-164
-40
-46
-80
-63
-109
-70
-151
-55
-68
-85
-80
-107
-165
-116
-58
-109
-110
-87
-66
-71
-113
-110
-192
-51
-2
-26
-34
-39
-12
-8
-5
-57
-34
-74
-103
-37
-113
-168
-133
-95
-96
-168
-181
-106
-71
-102
-13
-76
-107
-91
-64
-153
-161
-155
-160
-136
-151
-235
-190
-149
-115
-24
-139
-197
-60
-122
-188
-164
-193
-127
-139
-236
-166
-99
-132
-23
-156
-162
-120
-130
-114
-132
-101
-109
-134
-112
-70
-95
-1
-73
-132
-259
-212
-238
-214
-207
-216
-222
-140
-183
-71
-176
-220
-351
-231
-296
-241
-237
-261
-184
-197
-141
-190
-268
-230
-303
-234
-219
-229
-134
-162
-111
-204
-286
-203
-202
-218
-248
-180
-242
-171
-215
-196
-196
-208
-221
-146
-156
-128
-168
-214
-231
-223
-125
-205
-136
-217
-219
-242
-205
-232
-140
-228
-215
-143
-176
-99
-237
-270
-163
-48
-131
-165
-67
-121
-199
-53
-87
-215
-67
-25
-25
-73
-5
-3
-41
-78
-168
-84
-13
12
44
-11
-56
-17
-12
-40
-37
-20
-38
-94
-169
-33
-32
-9
17
-14
-3
-24
-123
-52
-9
-45
-84
-91
-59
-45
-2
-17
-14
-62
-160
-93
-116
-109
-162
-180
-114
-56
-89
-24
-19
-113
-199
-152
-214
-206
-214
-159
-91
-80
-79
-88
-200
-96
-114
-125
-152
-105
-43
-34
-52
-8
-145
-111
-131
-161
-123
-20
-59
-60
-19
-103
-180
-173
-106
-63
-34
-75
-52
-125
-208
-148
-78
-116
-157
-147
-177
-172
-143
-163
-170
-138
-158
-60
-42
-47
-100
-99
-13
-15
-17
-14
-15
3
-42
3
-49
-36
-15
1
-17
6
50
-7
-16
-134
-28
16
20
81
3
-18
-62
-57
-28
-22
-76
-17
-76
-79
8
-4
5
-14
-56
-94
-69
-128
-100
-44
-157
-155
-14
-46
21
-7
-122
-94
-100
-109
-72
-152
-141
-26
32
53
-42
-98
-110
-141
-73
-149
-133
-26
21
43
-16
-130
-94
-74
-130
-189
41
-43
31
-44
-113
-93
-155
-154
-18
-27
52
-44
-80
-136
-136
3
-47
-29
-85
-94
-197
-132
-117
-74
-139
-157
-38
-6
35
-123
-169
4
59
-13
-33
63
-19
-34
52
-3
-55
-34
-73
-89
-21
-50
-14
-69
-37
4
-19
4
-10
-45
-96
-76
-96
-99
-81
-166
-108
-19
-99
2
-11
-131
-117
-109
-138
-81
-182
-125
0
-49
42
-31
-119
-82
-102
-50
-144
-93
14
-15
33
-46
-104
-73
-83
-192
-167
-23
-98
-34
-47
-80
-71
-158
-93
-32
-50
2
-52
-63
-178
-71
-40
-81
-31
-81
-72
-145
-139
-184
-122
-173
-137
-34
-35
9
-63
-97
-35
25
-5
-31
8
-2
-45
-2
-13
-30
-104
-119
-142
-110
-85
-108
-119
-38
-69
-55
-36
-117
-122
-96
-117
-94
-107
-106
-47
-33
-33
-54
-76
-96
-154
-87
-93
-95
-55
-18
-40
-80
-112
-125
-120
-110
-102
3
-54
-59
-52
-108
-122
-105
-106
-76
-60
-65
-53
-126
-116
-70
-7
-70
-93
-84
-98
-100
-75
-88
-98
-101
-93
-48
-7
-31
-54
-99
-40
-2
-5
-42
-18
-12
-12
-15
-66
-40
-251
-227
-254
-236
-230
-264
-87
-155
-99
-96
-239
-255
-291
-239
-270
-219
-35
-125
-65
-140
-237
-215
-219
-239
-305
-74
-240
-146
-137
-231
-239
-270
-267
-111
-171
-141
-113
-237
-210
-223
-64
-157
-160
-180
-233
-210
-146
-171
-153
-161
-274
-111
-172
-130
-196
-254
-86
-3
-31
-95
-61
-82
-196
-42
-141
-152
-252
-282
-225
-235
-244
-113
-116
-123
-169
-308
-231
-255
-211
-306
-103
-205
-165
-130
-255
-226
-213
-266
-106
-133
-166
-150
-272
-228
-208
-93
-158
-166
-165
-220
-261
-183
-183
-149
-225
-240
-122
-116
-87
-210
-289
-45
-45
-52
-88
2
-16
-111
7
-74
-148
-258
-224
-224
-287
-136
-206
-181
-151
-278
-230
-246
-245
-128
-153
-153
-181
-293
-205
-199
-70
-132
-145
-159
-256
-223
-140
-160
-174
-170
-279
-116
-92
-91
-198
-259
-15
-34
3
-101
-37
-42
-122
-34
-147
-162
-222
-228
-316
-96
-197
-220
-157
-225
-211
-239
-128
-199
-196
-160
-217
-234
-119
-186
-193
-187
-254
-98
-218
-164
-160
-299
-27
-109
-4
-79
-127
-100
-179
-76
-185
-130
-203
-220
-110
-151
-188
-165
-222
-268
-190
-183
-193
-221
-237
-104
-108
-149
-189
-251
-44
-64
-59
-101
-81
-81
-95
-90
-140
-135
-232
-125
-220
-202
-235
-213
-74
-116
-115
-173
-223
-85
-72
-78
-90
-113
-127
-141
-167
-176
-210
-128
-133
-175
-183
-218
-173
-134
-141
-146
-180
-134
-159
-130
-129
-100
-43
-10
-70
-100
-6
-54
-118
-79
-117
-194
-11
-35
-27
-7
-27
-65
-30
-71
-52
-64
