-29
-109
-14
-181
-64
-166
-160
-86
-105
-100
-56
-117
-168
-26
62
-93
-6
-44
-15
-1
-9
-43
8
30
-76
8
-152
-80
-130
-79
-77
-97
-71
17
-119
-132
-56
6
-83
-3
-4
6
-46
37
28
-44
-139
-179
-138
-163
-201
-157
-131
-119
-266
-113
-26
-34
-42
-36
33
5
-129
-179
-138
-151
-96
-102
-149
-204
-38
-125
-104
-57
-41
-169
-59
-65
-16
-14
-102
-132
-26
-77
-170
-9
-89
-114
-3
-106
-78
-82
-64
-91
-124
-85
-169
-108
-109
-106
-64
-49
-111
-175
-231
-235
-238
-302
-237
-228
-230
-152
-206
-231
-139
-129
-219
-189
-129
-172
-189
-130
-113
-125
-255
-254
-272
-235
-275
-230
-190
-169
-221
-231
-224
-156
-160
-170
-50
-142
-226
-281
-257
-229
-206
-247
-222
-233
-227
-311
-286
-246
-222
-272
-223
-239
-143
-133
-174
-247
-154
-155
-231
-165
-231
-207
-140
-189
-167
10
-95
-95
-96
-90
-101
-103
-104
-40
-70
-91
2
7
-16
18
33
20
-63
-15
76
2
-90
-99
-89
-114
-116
-105
-68
-12
-92
-56
-22
-17
-23
-39
26
32
-45
-73
-65
-85
-79
-92
-54
-100
-67
-127
-92
-98
10
-109
-58
-76
-20
23
-5
-144
17
70
-123
-43
-80
-120
24
-46
4
-93
-72
-110
-69
-122
-102
-157
-44
-86
-114
-226
-232
-220
-279
-232
-223
-156
-187
-216
-166
-156
-132
-166
-168
-31
-157
-166
-240
-204
-203
-229
-125
-230
-238
-165
-226
-216
-137
-165
-213
-184
-227
-61
-137
-176
-247
-97
-158
-249
-109
-205
-229
-141
-142
-176
-117
-166
-115
-158
-94
-174
-113
-60
-118
-132
-23
-63
-35
-113
44
2
-109
-156
-174
-164
-198
-111
-135
-175
-99
-111
-187
-103
-71
-128
-35
-210
-88
-33
-81
-170
-12
-52
-93
-107
-142
-168
-36
-117
-50
-190
-154
-151
-162
-167
-50
-117
-223
-251
-284
-211
-210
-218
-216
-219
-188
-272
-229
-190
-140
-244
-206
-272
-138
-113
-181
-245
-152
-110
-240
-168
-201
-233
-134
-228
-150
-134
-131
-126
-132
-52
-144
-150
-43
-88
-85
-5
-19
-165
-35
-84
28
-26
-83
-101
55
-4
-138
53
-55
-138
19
-47
-124
-133
-230
-250
-235
-154
-241
-170
-226
-134
-146
-183
-222
-148
-167
-211
-121
-178
-196
-179
-184
-165
-94
-190
-96
-42
-96
-257
-197
-148
-252
-189
-180
-225
-104
-203
-120
-225
-42
-40
-138
-86
-125
-183
-14
-88
-67
-66
-126
-246
-15
-203
-111
-127
-164
-171
-146
