-99
-110
-81
-65
-201
-46
-141
-140
-68
-106
-141
-169
-127
-189
-120
-54
-157
-124
-123
-102
-84
-155
-55
-136
-233
-63
-33
-130
-153
-145
-121
-131
-67
-128
-131
-84
-104
-224
-94
-160
-147
-115
-133
-173
-232
-137
-193
-130
-84
-204
-119
-22
-138
-9
-108
-149
10
-41
-132
-179
-99
-111
-94
-16
-76
-109
-117
-45
-55
-106
-40
-66
-69
-89
-96
-52
-75
36
-141
-106
-106
-164
-258
-203
-163
-239
-242
-209
-238
-253
-97
-210
-182
-55
-96
5
-82
-78
-102
-47
-82
-111
4
-101
-73
-215
-35
-116
-197
-226
-162
-150
-113
-43
-209
-132
-100
-206
-286
-225
-296
-301
-146
-110
-236
-209
-41
-71
-149
-62
-93
-41
-11
-138
-71
-110
-151
-145
-178
-137
-81
-128
-120
-230
-208
-230
-140
-47
-205
-143
-174
-220
-215
-128
-214
-180
-222
-121
-24
-200
-145
-140
-63
-180
-192
-71
-209
-124
-117
-70
-213
13
-6
-3
-70
26
9
-40
-2
93
10
-74
-1
-94
6
22
-25
6
-43
18
-121
8
-4
71
19
35
-11
-97
-14
-132
12
38
-98
-8
5
-90
4
-46
-38
-9
14
-35
-116
-35
-52
-9
3
-49
-34
-76
33
55
-4
3
22
16
-42
-11
-41
-2
45
-75
-25
-77
-53
-200
-111
-100
-172
-168
-121
-195
-126
-69
-197
-64
7
-37
15
11
-2
-63
-8
-48
-2
-7
-95
13
-72
45
3
-62
-77
-42
-70
-4
34
-109
6
-12
-44
-107
-111
-145
-183
23
-13
-159
-23
21
4
-106
-31
-62
-3
23
-121
-13
50
-33
5
-111
3
12
-60
35
-136
-71
-156
-29
-2
-163
-16
-101
-148
-115
-79
-165
-45
-142
28
13
-149
-23
-55
-83
-176
-134
7
-139
-31
-105
43
-97
-32
-8
-72
9
-13
5
-1
74
4
-119
-31
-100
11
-13
-46
19
-23
-59
11
-69
-53
-17
74
-32
-109
-52
-48
-27
-28
-23
-61
-21
9
17
-78
-7
75
2
-21
-24
-3
5
36
-51
2
-35
-41
-161
-91
58
-91
-117
-87
-82
-69
-35
-77
-16
15
-74
19
93
-16
-27
-24
-51
16
-6
-44
-9
-43
-4
90
-99
-90
-30
-43
9
19
-22
7
-3
88
-128
-140
-153
-141
29
-64
-114
-66
73
-16
-99
-32
-38
14
1
-26
-7
96
21
50
30
77
42
53
83
-71
-77
-109
44
-9
-70
15
-95
-94
-67
-56
-105
-67
-76
-26
17
-96
-41
-25
-16
-68
-62
5
-51
-7
-70
10
-51
-34
-112
-32
-45
-11
-29
-4
-48
-157
-95
-98
-17
-31
-61
-38
-112
-13
43
-11
0
14
-29
-75
-44
-39
-12
67
-115
-4
-102
-60
-149
-144
-96
-194
-227
-158
-163
-137
-89
-219
-82
-7
2
2
7
-15
-104
20
-98
-8
19
-132
10
-24
38
-19
-93
-137
-25
-76
-23
21
-141
-3
60
3
-100
-128
-110
-149
59
5
-113
14
11
-18
-122
-35
-74
-1
2
-94
2
16
-91
-61
-110
16
-2
-47
19
-170
-124
-169
-15
9
-167
16
-160
-171
-116
-134
-258
-89
-140
-29
-11
-143
-45
-43
-65
-174
-131
19
-116
4
-123
26
-125
-36
-52
-20
-78
-2
4
-35
-100
-41
-30
-35
38
-85
-37
-61
-74
-221
-119
-9
-127
-195
-97
-103
-98
-74
-99
-49
-31
-63
-32
22
-50
-114
-28
-40
-16
-13
-75
-29
-74
23
-24
-157
-172
-102
-42
-49
-9
-90
-46
-9
8
-145
-196
-149
-109
-13
-42
-86
-64
25
-65
-163
-51
-37
-19
4
-102
-22
25
-69
-20
-20
-12
-4
15
-11
-185
-103
-125
-52
-33
-81
-64
-179
-146
-158
-171
-191
-141
-112
-50
-27
-122
-100
-37
-39
-72
-144
-38
-86
-47
-50
-29
-98
-35
-11
-158
-118
-8
-106
-85
-137
-97
-70
34
-147
-41
53
-29
-41
20
-24
1
-47
-33
-11
30
-124
-8
-12
87
22
-33
-14
-11
57
76
125
-75
20
-9
-35
-112
-87
-160
-166
15
-5
-171
-65
5
-56
-49
-26
10
-18
48
-128
6
61
-13
-46
-30
-7
63
-22
1
-80
-116
-122
25
28
-167
-26
-48
-40
-43
-32
-159
-45
-122
-65
65
-135
-23
23
62
-104
-47
23
-121
-8
-49
29
-138
-17
-117
-105
-15
-85
-94
-80
-99
-100
-21
-160
-55
-198
-16
-40
-217
-149
-146
-105
-114
-28
-190
-17
-186
-92
-290
-331
-324
-325
-149
-157
-264
-124
-108
-197
-209
-206
-167
-155
-93
-264
-125
-55
-54
-43
-65
-81
-1
-42
30
-235
-216
-263
-176
-98
-235
-132
-200
-214
-217
-167
-232
-123
-241
-135
-98
-241
-82
-162
-84
-226
-153
-96
-229
-83
-128
-59
-168
-72
66
-9
-97
-76
22
-18
-40
27
-109
8
36
-45
-139
-119
-156
-144
9
-38
-181
-45
27
-32
-33
-40
-31
-15
-31
-120
-7
-2
2
-35
-29
0
5
-76
5
-83
-92
-114
4
-4
-137
-43
-60
-53
-67
-74
-163
-22
-123
12
-2
-178
-17
-31
14
-140
-95
-7
-144
-39
-116
6
-111
-15
-51
-213
-227
-189
-124
25
-98
-205
-45
48
-60
-87
-41
23
9
14
-92
22
-9
-62
-94
-48
-39
1
-37
16
-251
-192
-192
-72
-73
-243
-58
-190
-130
-113
-132
-227
-88
-90
-54
0
-216
-60
-37
-1
-107
-99
28
-142
-54
-98
31
-128
15
-87
-132
-107
-87
45
-32
-146
-23
-116
-128
-102
-135
20
-30
-65
-7
-255
-274
-280
-77
-178
-230
-122
-297
-294
-136
-166
-291
-121
-314
-99
-145
-331
-152
-86
-153
-260
-228
-7
-143
6
-157
-52
-168
16
-25
-25
2
-21
-28
-30
22
-151
-124
-150
-15
-26
-190
-19
-177
-132
-99
-108
-207
-85
-95
-35
-12
-175
-48
-44
-41
-143
-106
-13
-136
-64
-135
-43
-156
-70
-57
-88
43
-6
-32
29
-76
-83
-55
-60
-78
-20
-84
-21
14
-92
-41
-33
-23
-70
-64
-13
-73
26
-63
-6
-50
-186
-249
-119
-130
-214
-98
-211
-70
-68
-250
-68
-123
-75
-222
-170
16
-164
6
-134
36
-134
-217
-160
-105
-278
-92
-115
-132
-216
-173
-138
-203
-110
-214
-89
-169
-123
-78
-283
-190
37
-135
-45
-173
-9
-183
-9
-108
-85
-103
-72
-186
-127
-10
-158
-110
