-205
-176
-168
-206
-89
-228
-236
-157
-221
-204
-221
-138
-223
-228
-108
-203
-108
-233
-146
-172
-190
-111
-159
-235
-172
-167
-226
-219
-130
-192
-230
-119
-211
-150
-238
-141
-180
-103
-141
-254
-132
-129
-131
-245
-74
-164
-157
-52
-226
-157
-225
-150
-28
-144
-228
-100
-165
-155
-165
-141
-166
-134
-24
-153
-75
-164
-43
-162
-222
-195
-168
-183
-211
-81
-163
-190
-96
-205
-131
-245
-118
-88
-9
-60
-83
-87
-45
-142
-79
-3
-135
-66
-141
-206
-107
-174
-160
-152
-118
-213
-125
-60
-182
-105
-186
-135
-204
-218
-224
-154
-226
-239
-129
-201
-132
-225
-151
-156
-220
-52
-131
-193
-75
-169
-45
-122
-235
-200
-143
-203
-202
-53
-198
-168
-223
-204
-139
-198
-200
-66
-183
-116
-211
-148
-204
-212
-96
-212
-147
-220
-121
-138
-43
-190
-50
-150
-194
-72
-199
-211
-180
-73
-206
-238
-217
-137
-40
-90
-137
-215
-154
-77
-119
-240
-117
-150
-218
-107
-237
-218
-250
-71
-229
-241
-66
-274
-64
-209
-30
-122
-33
-86
-178
-35
-98
-85
-165
6
-124
-137
-28
-182
-27
-153
-107
9
-105
-170
31
-120
-91
-110
-35
-93
-125
35
-119
45
-89
-84
-195
-209
-195
-214
-250
-215
-110
-232
-214
-140
-267
-68
-277
-109
-82
14
-94
-70
-97
-34
-151
-112
-31
-172
-23
-155
-227
-70
-211
-189
-180
-92
-266
-207
-103
-276
-54
-216
-108
-181
-227
-199
-79
-191
-208
-138
-195
-52
-213
-88
-143
-175
-11
-91
-212
-43
-126
68
-112
-280
-247
-151
-209
-213
-81
-227
-147
-213
-250
-101
-228
-205
-85
-251
-63
-223
-85
-223
-224
-95
-232
-89
-228
-81
-94
-49
-225
53
-138
-231
-94
-206
-184
-223
-110
-238
-221
-212
-202
32
-100
-92
-268
-72
-11
-87
-17
-41
-131
-37
-67
-97
-162
45
-70
-69
-3
-155
-26
-142
-73
27
-61
-124
9
-45
-107
-81
-32
-57
-41
59
-108
20
-118
-69
-155
-190
-157
-200
-197
-253
-79
-226
-188
-118
-194
-65
-256
-46
-111
6
-46
-72
-94
-1
-149
-84
-5
-167
-18
-140
-132
-39
-129
-149
-121
-18
-146
-79
-26
-160
-23
-144
-93
-173
-198
-199
-80
-192
-185
-133
-184
-76
-185
-49
-134
-153
38
-128
-164
-26
-79
19
-107
-214
-272
-66
-172
-183
-48
-233
-128
-231
-232
-130
-216
-234
-77
-259
-90
-237
-136
-204
-212
-72
-218
-51
-218
-67
-72
-5
-161
36
-136
-199
-59
-242
-134
-202
-47
-243
-156
-183
-124
5
-95
-130
-256
-109
-46
21
1
-115
62
-41
-61
-96
29
-40
-27
42
-83
10
-111
-32
-105
-129
-94
-110
-71
-163
24
-84
-108
-92
-191
-52
-208
-52
-63
37
-37
1
-111
28
-55
-7
9
-114
-4
-147
-110
-15
-109
-60
-119
47
-51
-26
-44
-121
-7
-112
-64
-150
-171
-179
-24
-168
-137
-122
-211
-97
-169
-41
-100
-156
67
-20
-104
-18
-112
49
-72
-115
-228
4
-95
-113
-64
-188
-120
-173
-199
25
-102
-93
-27
-196
-14
-161
-49
-133
-200
-113
-253
-72
-228
31
7
26
-77
75
-93
-118
7
-147
-107
-160
-32
-212
-102
-155
-130
9
-97
-99
-164
-80
42
-100
-121
-15
-41
-88
-90
-3
-80
-83
-21
-92
36
-158
22
-15
152
46
7
38
53
-29
41
120
-19
94
-48
-117
67
-69
-100
-22
-31
-97
-34
46
-63
60
-96
-23
-128
-156
-125
-90
-140
-112
-31
-108
-29
-162
66
2
-22
85
18
-32
104
37
163
25
-122
-129
-24
-82
-71
43
-93
-5
-82
-84
-42
-98
-87
65
-84
39
-90
-23
-113
-124
31
-88
68
-105
-39
8
50
-81
111
-113
-79
52
-84
-42
-97
80
-117
-35
-53
2
116
28
29
-91
33
-82
-72
-38
-77
-66
-71
24
-109
-99
-9
-139
4
-180
-177
-120
-213
-187
-180
-76
-162
-170
-104
-188
-50
-262
-137
-197
-220
-214
-85
-198
-222
-158
-216
-77
-239
-174
-206
-258
-62
-167
-256
-155
-182
-33
-203
-278
-237
-65
-184
-205
-111
-204
-117
-317
-203
-105
-206
-216
-127
-213
-69
-273
-107
-189
-216
-146
-229
-83
-285
-88
-97
-68
-162
32
-168
-193
-113
-209
-150
-230
-127
-231
-197
-263
-205
-65
-202
-90
-301
-98
-48
32
-79
-97
-30
-14
-169
-28
15
-160
-3
-166
27
-58
-86
-93
4
-143
-45
-37
-136
20
-170
76
15
-59
68
-52
-49
26
-27
121
-57
-101
-128
-1
-149
-68
-2
-154
-17
-176
-91
-36
-171
-98
-33
-157
8
-145
-11
-159
-129
-28
-204
4
-174
-47
-33
4
-133
76
-132
-182
-42
-181
-107
-188
19
-198
-82
-144
-117
41
-55
-43
-163
-56
-55
-145
-203
-113
-84
-192
-113
-130
-162
-16
-166
-64
-60
-105
48
-48
-108
-16
-33
94
-39
-198
-151
-65
-173
-87
-38
-180
-108
-258
-148
-111
-229
-143
-67
-208
-48
-214
-44
-134
-108
20
-181
7
-144
-56
-1
-7
-178
17
-128
-150
-54
-229
-114
-178
30
-163
-82
-100
-143
28
-64
-59
-182
-73
-53
-92
-134
26
-91
-130
-99
-67
41
-76
-214
-195
-98
-178
-172
-124
-187
-124
-174
-208
-86
-194
-242
-119
-195
-71
-217
-86
-199
-208
-159
-196
-70
-221
-82
-82
-103
-173
34
-149
-193
-130
-200
-151
-200
-104
-222
-126
-211
-160
-57
-144
-58
-228
-73
-107
-181
42
-45
-136
-35
-89
12
-121
-191
-24
-132
-190
-35
-123
50
-133
-81
-202
-247
-121
-193
-3
-187
29
-54
48
-26
151
-29
-211
-29
-86
-30
-108
-99
-225
-112
-157
-57
48
-46
28
-90
49
-236
-127
-273
-221
-87
-256
-139
-235
-130
-220
-201
-110
-212
-195
-207
-53
-50
-19
-189
-29
-164
-212
-80
-221
-214
-216
-90
-219
-215
-201
-151
-43
-86
-160
-197
-148
-84
-239
-214
-84
-250
-82
-238
-89
-93
-13
-170
36
-150
-222
-86
-219
-140
-226
-86
-246
-165
-212
-127
18
-88
-64
-244
-70
-84
-112
-48
-172
32
-187
-240
-78
-214
-169
-226
-144
-216
-197
-229
-171
-20
-90
-101
-240
-85
-108
10
-153
-15
-151
-49
-160
-24
-139
-159
65
-74
-36
-200
-1
-65
-211
-282
-225
-131
-75
-62
-154
-229
-150
-191
-59
-54
-200
-249
-134
-62
-140
-14
-55
