-86
-179
-182
-57
-197
-168
-95
-82
-276
-68
-195
-171
-163
-188
-134
-216
-134
-252
-79
-167
0
-139
-147
-33
1
-211
-14
-146
-67
-164
-86
-64
-194
-70
-218
-196
-148
-282
-180
-93
-123
-246
-54
-189
-167
-203
-172
-85
-237
-188
-230
-156
-231
-227
-195
-167
-383
-103
-251
-206
-213
-186
-158
-249
-123
-335
-67
-46
4
48
-167
-12
-85
-29
-118
-88
19
-86
-48
-117
-207
-135
-81
-279
-133
-236
-198
-245
-187
-163
-268
-169
-244
-152
-89
-336
-133
-210
-194
-197
-197
-176
-253
-177
-280
-17
-228
-22
-100
-121
-142
-51
-77
-141
-69
-159
-95
-29
-135
-57
-118
-58
-52
-103
-43
-130
-152
-268
-248
-252
-351
-231
-320
-177
-349
-141
-62
-81
-47
-12
-127
-27
-113
-203
-229
-221
-159
-272
-180
-279
-185
-169
-137
-257
-165
-274
-190
-159
-248
-133
-243
-224
-222
-103
-204
-158
-101
-176
-153
-334
-202
-84
-161
-55
-151
-158
52
0
-167
-22
-151
-95
-187
-93
-48
-153
-36
-159
-195
-203
-250
-178
-33
-104
-180
-71
-170
-225
-207
-176
-112
-203
-143
-196
-169
-234
-229
-133
-196
-307
-105
-212
-221
-215
-211
-94
-197
-110
-274
-106
-118
65
27
-185
-39
-104
-127
-146
-192
28
-103
-104
-74
-224
-72
-119
-223
-164
-222
-228
-220
-239
-127
-259
-128
-227
-135
-96
-347
-133
-201
-204
-228
-230
-168
-240
-153
-207
49
-129
53
-50
-54
-130
-40
-3
-68
-46
-64
-116
-20
-127
-99
-200
-78
-54
-106
-10
-113
-113
-217
-239
-236
-300
-159
-225
-135
-197
-142
-75
-84
-91
40
-99
-36
-55
-250
-237
-225
-89
-205
-171
-176
-231
-225
-76
-221
-218
-217
-238
-143
-205
-95
-198
-166
-229
-101
-171
-77
-89
-91
-102
-188
-121
-136
-121
-211
-137
-41
-93
-155
-41
-157
-141
-168
-104
-59
-173
-82
-165
-129
-204
-222
-108
-138
-279
-91
-210
-148
-192
-170
-102
-170
-41
-268
-51
-53
81
78
-125
24
-47
-6
-128
-107
77
-30
24
-62
-223
-55
-44
-196
-112
-190
-139
-217
-148
-60
-165
-30
-191
-115
-72
-279
-112
-226
-187
-186
-179
-129
-198
-105
-199
18
-80
23
-62
-14
-102
17
15
-68
47
-27
-69
-11
-130
-12
-135
-11
3
-23
30
-54
-61
-217
-141
-227
-207
-116
-166
-54
-212
-87
-17
-82
-52
36
-28
35
-69
-165
-179
-146
-96
-167
-73
-228
-103
-124
-47
-156
-43
-194
-126
-120
-201
-49
-226
-94
-152
12
-139
-53
14
-77
-37
-228
-86
-211
-266
-192
-127
-174
-276
-79
-198
-210
-209
-195
-92
-219
-120
-245
-258
-162
-64
-69
-224
-96
-146
-184
-208
-268
-12
-191
-141
-183
-270
-133
-180
-240
-186
-250
-297
-263
-248
-159
-234
-195
-260
-148
-138
-279
-114
-201
-193
-224
-206
-161
-215
-195
-206
-17
-115
17
-56
-68
-158
-60
-13
-58
-62
-57
-149
-77
-193
-160
-185
-157
-86
-139
-116
-115
-102
-208
-213
-228
-276
-148
-168
-93
-184
-149
-57
-74
-59
43
-63
-53
-43
-241
-226
-202
-74
-201
-167
-165
-242
-188
-87
-239
-219
-216
-205
-159
-230
-160
-224
-186
-215
-183
-177
-89
-57
-70
-153
-199
-130
-177
-157
-108
-67
-314
-87
-155
-172
-223
-210
-35
-139
-66
-248
-225
-174
-152
-297
-133
-243
-250
-230
-212
-112
-212
-114
-263
-206
-187
-397
-147
-234
-245
-241
-239
-172
-243
-174
-283
-112
-249
-45
-139
-157
-221
-133
-61
-149
-24
-195
-207
-90
-257
-176
-184
-152
-89
-150
-45
-210
-167
-310
-319
-314
-347
-254
-289
-179
-365
-162
-102
-89
-102
18
-113
-44
-175
-222
-241
-230
-109
-202
-143
-323
-238
-252
-109
-232
-169
-299
-219
-163
-207
-81
-330
-180
-227
-105
-298
-94
-41
-174
-100
-302
-172
-115
27
39
-166
-97
-101
-105
-165
-145
21
-102
-69
-77
-43
40
-216
-57
-80
-86
-157
-158
-54
-108
-90
-60
99
-79
39
45
25
-100
20
138
34
50
49
-34
21
-21
26
-79
-16
107
32
57
70
-114
-183
-133
-211
-306
-62
-172
-62
-196
-55
-23
-144
-123
92
-27
20
-8
-114
-168
-166
34
-96
-56
-99
-133
-189
43
-97
-52
-114
-244
-52
-161
-96
-173
-57
-173
-66
-145
41
77
28
-44
-98
-29
-171
-111
-327
-230
-227
-251
-243
-224
-191
-226
-190
-218
18
-153
-58
-79
-116
-110
-71
-37
-101
-32
-82
-101
-104
-177
-93
-175
-115
-65
-95
-83
-93
-136
-216
-246
-245
-271
-153
-203
-111
-206
-219
-129
-169
-153
-10
-172
-34
-130
-225
-222
-228
-100
-215
-144
-193
-257
-235
-107
-228
-155
-249
-240
-185
-229
-110
-220
-157
-223
-95
-195
-95
-58
-101
-103
-213
-93
-64
-263
-136
-139
-182
-228
-150
-117
-184
-132
-127
-182
-67
-138
-90
-174
-88
-90
-102
-81
-88
-229
-317
-272
-297
-329
-271
-291
-199
-276
-198
-153
-166
-171
-101
-167
-118
-131
-212
-245
-225
-153
-215
-215
-215
-235
-230
-162
-239
-214
-248
-224
-230
-235
-158
-224
-216
-194
-130
-201
-161
-129
-172
-181
-221
-167
-64
17
-63
-6
-111
25
14
-8
4
26
-71
-171
-126
-207
-167
-120
-148
-67
-147
-33
-20
-82
10
93
-36
-26
6
-98
-117
-74
21
-62
-31
-69
-156
-68
-19
-112
-83
-109
-152
-119
-139
-39
-124
-50
-75
-14
-62
15
16
-1
-34
-96
-25
-44
-174
-127
-165
-141
-101
-97
-16
-111
-120
-22
-118
-38
31
-35
-27
4
-170
-239
-162
-90
-117
-105
-169
-187
-110
-32
-99
-102
-111
-172
-130
-112
-54
-180
-82
-111
-3
-79
-28
9
-43
-43
-111
-16
-144
-107
-110
-182
-42
-95
-36
-82
-206
-252
-317
-129
-216
-129
-227
-250
-284
-159
-241
-160
-250
-317
-197
-232
-103
-253
-274
-276
-152
-296
-161
-96
-167
-101
-234
-83
-145
-196
-147
-27
-124
-137
-163
-92
-89
42
-84
-82
-87
-82
-26
-74
14
-85
-16
-106
-20
-39
36
50
42
-27
-50
8
-252
-235
-85
-218
-187
-282
-244
-179
-237
-150
-251
-151
-228
-153
-220
-85
-83
-114
-144
-215
-128
-254
-171
-241
-173
-250
-151
-218
-163
-213
-85
-91
-130
-150
-248
-178
-232
-241
-110
-220
-109
-89
-176
-89
-245
-102
-160
-92
-178
-107
-208
-70
-25
-97
-22
-88
