-197
-123
-82
-99
-129
-148
-167
-124
-152
-190
-193
-167
-84
-219
-70
-167
-123
-53
-58
-60
-151
-152
-273
-145
-160
-164
-189
-227
-54
-150
-244
-117
-120
-43
-128
8
14
-40
-65
-52
-6
-27
-119
-83
6
-22
-149
72
-39
91
88
68
-33
8
7
5
-29
-59
-46
9
-16
-135
64
-4
5
63
-27
-40
-7
26
-52
-140
-138
-18
-16
-135
35
-48
21
-8
-73
-51
-36
-46
-141
-65
-37
-57
-83
28
-111
-33
-28
-101
-46
-104
-150
-159
-71
-68
-195
28
-70
-3
-12
-51
-92
-122
-151
-35
-119
-183
39
-79
23
-31
-32
-118
-142
-5
-42
-175
32
-113
42
-14
-163
-126
-40
-127
-201
-15
-84
-23
-13
-184
-129
-123
-237
-35
-149
-27
-122
-34
-121
-239
-51
-129
-93
-98
9
-92
28
-65
2
1
-115
38
-84
-4
-20
-23
-171
-65
-148
16
49
90
-9
-74
33
-147
-109
-150
-177
-317
-246
-242
-244
-224
-257
-140
-239
-241
-222
-222
-150
-163
-78
-71
-102
-194
-211
-122
-145
-201
-173
-114
-155
-216
-138
-161
-46
19
27
-47
-112
-114
-71
-146
-88
-99
-107
-59
-156
-102
-101
-90
44
-16
-160
-86
-59
-97
-130
-136
-67
-44
-126
-95
-88
-47
-22
-165
-164
-86
-92
-124
-128
-87
-102
-117
-107
-187
-95
-1
-224
-179
-250
-224
-233
-244
-228
-276
-228
-206
-149
-98
-273
-252
-219
-229
-211
-264
-247
-172
-256
-187
-108
-184
-198
-210
-142
-156
-227
-185
-259
-61
-119
-238
-212
-164
-199
-242
-207
-215
-142
-65
-223
-194
-242
-280
-188
-233
-110
-110
-173
-230
-248
-223
-225
-193
-100
-103
-172
-189
-199
-190
-108
-181
-143
-244
-177
-94
-163
-244
-120
-117
-175
-137
-35
-163
-147
-22
1
-60
-55
-263
-114
-119
-71
-129
-105
-18
-85
-136
-75
-85
20
3
-51
-84
-191
-115
-115
-97
-116
-110
-40
-103
-175
-63
-97
-53
-3
-142
-275
-154
-150
-174
-195
-267
-68
-153
-209
-149
-176
-64
-145
-296
-232
-169
-168
-195
-170
-81
-225
-171
-160
-239
-93
-131
-331
-279
-361
-319
-337
-212
-307
-370
-298
-307
-178
-225
-237
-307
-229
-227
-107
-226
-238
-180
-231
-116
-151
-188
-219
-203
-102
-192
-252
-172
-246
-57
-179
-264
-268
-107
-248
-260
-218
-276
-145
-169
-206
-154
-227
-290
-242
-217
-95
-182
-77
-211
-242
-236
-238
-164
-148
-90
-96
-76
-152
-43
-60
-223
-175
-234
-89
-143
-165
-219
-117
-195
-193
-82
-115
-84
-244
-21
61
11
-40
-49
28
-8
-73
-40
-1
-7
-117
17
-13
52
126
19
-122
-22
11
-17
-114
-108
22
-3
-102
33
-20
83
96
-134
-110
-36
-5
-111
-55
-19
-49
-80
-20
-104
16
103
-183
-71
-136
-218
-143
-136
-148
-261
-110
-110
-7
9
-57
-121
-182
-114
-19
-125
-175
-70
-91
37
18
-14
-113
-114
-17
-34
-122
-3
-77
88
22
-119
-70
-5
-63
-144
-21
-91
63
63
-149
-133
-159
-238
-94
-141
40
-49
-41
-101
-178
-103
-96
31
40
-19
-111
8
-99
67
34
-175
9
-103
46
73
-74
-148
20
-36
13
104
149
57
-15
181
50
-28
26
61
-17
-17
-60
57
24
-92
52
40
47
103
-83
-93
-23
-29
-119
-40
-23
-103
-107
-23
-110
-24
60
-119
0
-109
-103
-125
-113
-88
-205
-49
-69
-39
26
-64
-107
-85
-105
-43
-114
-199
-38
-83
-38
41
-29
-50
-103
-8
-33
-178
7
-115
24
41
-79
-118
-32
-137
-168
-27
-80
-41
35
-93
-76
-81
-215
-63
-81
6
-10
-43
-80
-171
-87
-95
-48
36
-39
-102
-2
-104
-35
32
-152
-15
-94
-24
40
-106
-137
-85
-68
-22
8
97
-31
-35
85
-153
-57
-12
-13
-141
-111
-18
-52
-75
-23
-77
-28
-6
-142
-67
-178
-203
-263
-146
-134
-244
-116
-157
-92
-89
-57
-83
-131
-165
-9
-112
-144
10
-90
-21
-29
-50
-127
-151
-3
-46
-116
26
-68
60
-4
-153
-173
-35
-135
-160
-48
-104
-30
-31
-200
-109
-160
-230
-87
-129
-62
-101
-127
-155
-183
-139
-176
-109
-106
17
-76
10
-109
2
-2
-104
-8
-70
-26
-1
-42
-117
-67
-109
-33
16
66
-24
-103
43
-189
-102
-148
-240
-208
-136
-188
-215
-145
-230
-104
-51
-161
-128
-243
-173
-83
-240
-176
-124
-269
-111
-77
-47
-158
-110
-21
-151
-109
-52
-167
-3
-39
-138
-102
-37
-150
-86
-28
-146
-51
-1
-144
-141
-231
-199
-153
-211
-70
-118
-15
-170
-134
-98
-196
-128
-51
-64
-5
-43
-141
-29
9
-168
-122
-276
-100
-53
-74
-182
-37
-86
-80
-19
50
-70
-128
40
-174
-254
-252
-239
-161
-223
-310
-175
-213
-81
-106
-112
-118
-192
-113
-116
-202
-102
-175
32
-53
-261
-254
-153
-234
-260
-153
-222
-90
-107
-244
-239
-203
-363
-252
-220
-84
-134
-158
-216
-307
-212
-235
-165
-121
-97
-197
-139
-207
-87
-96
-243
-170
-213
-71
-108
-192
-274
-152
-197
-90
-72
24
-76
-137
28
-147
-180
-235
-51
-194
-280
-117
-236
1
-92
-244
-244
-115
-261
-267
-127
-239
-121
-106
-228
-137
-233
-295
-153
-230
-68
-126
-89
-263
-235
-167
-207
-152
-89
-110
-116
-42
-155
-26
-35
-250
-120
-276
-93
-105
-123
-245
-95
-165
-83
-13
33
-71
-155
41
-157
-166
-36
-135
-161
-51
-166
-12
-61
-184
-98
-97
-245
-119
-194
19
-126
-76
-160
-255
-184
-245
-74
-128
-45
-81
-28
-127
49
-21
-162
-61
-213
22
-78
-88
-231
-59
-143
-128
22
-5
-24
-172
69
-231
-164
-190
-276
-189
-225
-105
-126
-101
-190
-257
-166
-229
-112
-70
-83
-115
-38
-168
-35
-9
-198
-95
-267
-110
-96
-105
-210
-96
-177
-63
-57
29
-77
-144
51
-158
-206
-263
-213
-192
-103
-139
-159
-219
-139
-220
-56
-114
-273
-178
-228
-69
-155
-214
-274
-117
-216
-146
-31
-24
-66
-185
47
-96
-95
-67
-160
-45
-44
-221
-172
-211
-119
-84
-198
-231
-150
-166
-174
-122
-58
-130
-168
-19
-78
-20
-169
-47
-22
-36
-163
-53
-44
-103
-8
64
-83
-130
45
-86
-239
-102
-173
-103
-11
43
-82
-185
27
-110
-24
-8
-93
-197
28
-29
-51
87
-32
