-106
-88
-9
-163
-126
-153
-115
-193
-51
-220
-72
-136
-54
-66
-30
-80
-68
-126
-153
-92
-164
-206
-251
-208
-237
-36
-244
-145
-195
-86
-160
-86
-72
-98
-230
-98
-222
-139
-216
-207
-230
-108
-196
-124
-193
-76
-135
-80
-94
-129
-266
-196
-186
-155
-152
-155
-35
-144
-90
-149
-90
-122
-86
-94
-100
-156
-226
-237
-250
-265
-112
-238
-134
-243
-115
-190
-86
-83
-155
-244
-255
-240
-257
-170
-262
-152
-265
-92
-120
-130
-109
-105
-272
-248
-251
-118
-247
-144
-288
-156
-175
-106
-140
-148
-262
-253
-201
-234
-202
-264
-183
-175
-149
-112
-182
-251
-161
-271
-190
-257
-203
-208
-193
-157
-173
-263
-215
-70
-139
-73
-87
-37
-51
-57
-204
-227
-279
-174
-242
-134
-129
-175
-323
-171
-61
-121
-69
-100
-86
-238
-176
-150
-133
-209
-125
-191
-74
6
-77
-48
-198
15
-64
-65
-185
20
-66
-132
-77
-245
-176
30
51
-41
-60
-95
-93
-161
17
-142
-11
-4
-9
-7
-10
-5
-10
-89
68
-125
-38
-38
-22
-121
20
-47
-26
-27
49
11
29
-7
9
-64
-107
-67
4
25
-47
29
-64
79
7
-22
52
40
21
-9
-10
-143
-171
-124
-225
-57
-185
-53
-193
-96
-117
-86
-61
-118
-165
-105
-83
-187
-92
-183
-39
-111
-60
-14
-26
-72
-5
-110
-102
-199
-38
-142
9
-122
-78
-55
-17
-84
-65
-108
-153
-44
-127
0
-134
-75
-33
-38
-58
-71
-89
-128
-255
-70
-193
-156
-135
-131
-131
-144
-163
-133
7
23
-44
11
-3
-13
-10
-72
-120
-180
-142
-124
-58
-78
-113
-208
-30
-14
0
59
-34
19
-62
-56
-16
-19
-49
37
-54
-3
44
-62
-31
-81
67
26
11
-12
25
-42
6
-10
-61
-61
-4
-34
-3
-126
-109
-150
-4
-71
-7
-69
11
-8
14
3
-15
-142
-31
-88
-71
-113
-54
19
-110
-3
-5
-61
-32
-14
-14
-42
-103
-109
-146
-134
-156
13
-167
-40
-83
-54
-54
35
-16
-76
-153
-150
-177
-175
-46
-167
-60
-130
-1
2
-33
21
-14
-188
-249
-232
-53
-209
-94
-184
-131
-137
-56
-161
-155
-199
-232
-81
-220
-100
-178
-152
-58
-110
-84
-133
-224
-135
-232
-79
-201
-164
-120
-160
-124
-147
-254
-125
0
0
-3
27
42
36
42
-111
-126
-182
-132
-127
-58
-95
-131
-269
-51
-83
-18
47
-58
9
-154
-85
-1
-44
-42
-6
-160
-1
0
-44
-10
-161
89
56
-8
-74
44
16
-92
-21
-148
-150
-126
-86
-63
-78
-69
-28
-4
30
-28
2
1
18
-4
-17
-100
-125
-159
-176
-235
-103
-138
-62
-195
-54
-134
-85
-66
-138
-191
-150
-159
-162
-92
-99
-46
-99
8
26
-11
-2
-29
-146
-193
-211
-89
-143
-38
-158
-96
-111
-41
-124
-111
-196
-214
-116
-106
-95
-154
-105
-83
-89
-74
-99
-203
-154
-172
-113
-185
-151
-144
-125
-148
-127
-220
-106
-41
-27
-24
-23
-53
-25
-43
-159
-113
-133
-64
-64
-25
-46
-45
-213
-18
-3
-55
27
-22
-9
-147
-91
-40
-19
-87
-9
-127
14
75
-1
-14
-127
34
2
-1
-100
28
3
-57
-21
-137
-121
-232
-169
-191
-187
-97
-168
-12
-229
-110
-156
-106
-47
-169
-185
-208
-187
-190
-188
-214
-51
-171
-131
-87
-103
-87
-142
-219
-130
-106
-46
-124
5
-116
-124
-109
-19
-102
-126
-110
-111
-134
-130
8
-139
-151
-31
-89
-74
-149
-131
-114
-123
10
-90
-120
-80
-115
-70
-133
-130
-143
26
-51
-78
-45
-11
-38
-38
-126
-59
-130
-110
-90
-42
-95
-143
-202
7
-12
21
91
-27
-8
-79
-118
-65
-69
-45
-42
-76
-39
8
-41
-81
-119
-9
35
-11
-33
45
-26
-36
-70
-112
-126
-188
-216
-236
-139
-221
-104
-282
-81
-126
-110
-100
-161
-274
-200
-209
-97
-204
-61
-259
-174
-211
-93
-110
-163
-214
-240
-168
-224
-112
-234
-149
-169
-159
-74
-183
-219
-189
-212
-95
-225
-186
-236
-144
-127
-181
-239
-160
-43
-131
-56
-72
-7
-6
-64
-173
-153
-229
-105
-173
-78
-117
-168
-291
-92
-46
-119
23
-68
-66
-169
-156
-216
-110
-148
-173
-196
-94
11
-53
-108
-179
-27
-54
-119
-166
17
-56
-104
-70
-161
-230
-210
-230
-183
-221
-94
-282
-161
-126
-71
-182
-147
-234
-226
-191
-231
-113
-198
-160
-77
-143
-96
-188
-230
-205
-232
-118
-247
-172
-168
-121
-169
-153
-243
-256
-85
-210
-107
-55
-73
-69
-69
-206
-137
-232
-179
-147
-102
-114
-170
-339
-107
-81
-32
46
-55
-32
-186
-171
-85
-109
-185
-131
-204
-5
9
-24
-33
-166
72
14
30
-54
21
19
-90
-16
-167
-215
-215
-121
-208
-95
-215
-198
-158
-139
-122
-207
-212
-156
-219
-100
-207
-224
-231
-158
-222
-232
-225
-178
13
-102
-81
-97
-39
-72
-102
-173
-152
-250
-198
-174
-81
-176
-199
-243
-87
-82
-57
37
-60
-59
-158
-223
-156
-93
-213
-149
-217
-124
-9
-124
-148
-200
-42
-85
-110
-130
5
-86
-102
-123
-205
-203
-200
-217
-123
-242
-250
-173
-218
-148
-230
-231
-227
-69
-217
-150
-78
-110
-56
-147
-204
-184
-236
-227
-156
-123
-123
-173
-311
-110
-93
-48
-19
-27
-92
-184
-215
-99
-160
-160
-155
-178
-64
-42
-96
-156
-220
-12
-2
-99
-127
-32
-120
-147
-115
-156
-235
-255
-96
-209
-184
-125
-125
-146
-145
-203
-179
-219
-274
-214
-173
-173
-225
-312
-100
-126
-76
-52
-108
-86
-191
-264
-162
-168
-206
-174
-206
-150
-102
-161
-148
-209
-98
-99
-132
-128
-97
-116
-129
-127
-198
-235
-162
-219
-166
-137
-120
-127
-131
-299
-52
-65
-19
60
-27
-6
-159
-32
-13
-16
-44
-9
-112
-36
-14
-40
-57
-194
45
43
4
-87
16
-33
-103
-18
-155
-162
-166
-158
-124
-36
-109
-107
-318
-216
-187
-134
-162
-163
-273
-137
-50
-125
-131
-267
-29
-39
-96
-170
18
-37
-169
-65
-256
-238
-70
-27
6
-114
-22
-127
-18
85
-50
-28
-176
96
-21
-22
-90
82
48
-42
-41
-173
-180
-105
-5
-86
-74
-149
21
-34
-52
-42
-39
-14
-65
-47
-169
-126
123
5
8
-83
65
41
-36
-50
-173
-175
126
65
30
40
-16
-71
7
-4
-72
-179
