-90
-140
-101
-92
-86
-94
-161
-119
-41
-170
-52
-59
-78
-168
-74
-126
-132
-45
-157
-104
-30
-144
-33
-100
-15
-141
-150
-162
-131
-190
-173
-101
-210
-79
-155
-109
-126
-79
-65
-177
-98
-72
-147
-105
-67
-40
-149
-107
-174
-160
-5
-197
-117
-112
-54
-81
-178
-115
23
-139
-64
-98
-46
-141
-104
-12
-149
-118
-110
-67
-135
-94
-248
-89
-143
-48
-47
-197
-87
-81
-15
-46
22
8
18
-47
-205
-128
-35
-10
-39
-238
-213
-240
-254
-219
-232
-277
-200
-210
-122
-197
-116
-229
-232
-238
-231
-231
-255
-190
-223
-113
-229
-184
-245
-229
-214
-233
-240
-216
-262
-178
-199
-196
-240
-235
-239
-221
-159
-257
-119
-254
-152
-201
-220
-241
-145
-212
-128
-217
-202
-233
-229
-174
-247
-163
-245
-188
-276
-185
-255
-135
-195
-160
-215
-261
-186
-229
-161
-182
-92
-153
-155
-128
-287
-222
-175
-50
-158
-240
-263
-276
-234
-242
-260
-248
-250
-122
-253
-184
-260
-246
-206
-213
-209
-178
-216
-159
-222
-154
-249
-240
-240
-274
-158
-277
-174
-230
-116
-228
-239
-284
-154
-245
-133
-271
-169
-217
-229
-150
-235
-149
-256
-151
-242
-148
-221
-96
-218
-90
-184
-246
-174
-277
-87
-116
-78
-177
-71
-64
-296
-176
-143
-46
-131
-286
-236
-231
-224
-247
-239
-227
-187
-223
-188
-255
-260
-234
-219
-162
-259
-236
-258
-178
-254
-266
-234
-191
-227
-165
-236
-247
-228
-245
-156
-241
-164
-281
-259
-247
-170
-277
-98
-266
-188
-239
-219
-187
-232
-170
-168
-68
-209
-131
-111
-268
-237
-169
-100
-222
-259
-277
-220
-266
-161
-233
-308
-225
-187
-257
-226
-251
-120
-208
-182
-224
-182
-216
-202
-127
-227
-237
-244
-188
-226
-142
-236
-151
-223
-162
-186
-223
-203
-199
-119
-168
-158
-104
-126
-175
-262
-204
-166
-129
-171
-241
-251
-230
-96
-233
-199
-225
-193
-220
-219
-99
-261
-273
-259
-156
-293
-118
-238
-189
-254
-114
-141
-225
-292
-222
-102
-87
-121
-98
-30
-169
-233
-198
-265
-108
-158
-216
-211
-72
-200
-193
-257
-187
-255
-104
-235
-138
-243
-169
-167
-231
-206
-210
-145
-80
-20
-103
-62
-80
-252
-194
-207
-83
-247
-231
-101
-248
-167
-246
-145
-144
-214
-263
-253
-160
-105
-107
-93
-102
-170
-268
-246
-255
-196
-207
-168
-246
-184
-276
-122
-116
-73
-88
-30
-137
-268
-216
-157
-34
-136
-163
-150
-139
-64
-161
-261
-175
-209
-82
-126
-33
-78
-63
-85
-19
-43
-162
-71
-275
-110
