-134
-264
-160
-143
-135
-211
-104
-140
-135
-194
-177
-245
-169
-176
-120
-194
-221
-132
-46
-10
-16
-4
-45
-4
32
55
-145
-37
-101
54
-25
17
-82
-78
-16
-115
-91
-90
-190
-21
-79
-58
-178
-123
-193
-70
-127
-73
-195
-258
-54
-44
-9
-102
-40
-24
-12
-81
-86
-95
5
-76
-76
-93
-107
-57
-13
-68
-6
-32
-1
-124
-79
-91
28
-60
-31
-93
-106
-13
-176
-33
-15
-11
-156
-37
-92
-22
-99
-105
-128
-165
-1
-78
-93
-90
-184
-125
-232
-114
-170
-136
-212
-216
-106
-30
-35
-75
-83
-100
-29
-64
-79
-108
-78
10
61
-97
-98
-79
-42
-55
20
-104
-155
-12
-78
-58
-70
-26
-23
-41
-98
-79
34
-137
-229
-169
-189
-134
-237
-219
-172
-152
-114
-188
-95
-153
-208
-96
-124
-202
-180
-291
-251
-95
-64
-102
-78
-87
0
-114
-231
-197
-163
-120
-145
-7
-208
-92
-182
-128
-116
-120
-134
-154
-88
-136
-178
-179
-117
-164
-62
-168
-43
-149
-159
-133
-167
-136
-123
-165
-44
-115
-130
-147
-135
-185
-94
-150
-95
-172
-227
-120
-117
-115
-169
-85
-143
-134
-106
-120
-203
-62
-153
-69
-151
-201
-134
-120
-163
-49
-130
-129
-157
-120
-153
-73
-157
-78
-177
-185
-118
-208
-113
-131
-136
-165
-130
-136
-134
-195
-114
-161
-233
-123
-94
-171
-176
-218
-145
-290
-209
-215
-112
-251
-230
-153
-93
-66
-84
-83
-99
-73
-84
-51
-101
-106
-72
-99
-138
-132
-173
-156
-171
-32
-164
-227
-148
-119
-121
-172
-171
-154
-103
-147
-157
-114
-106
-265
-213
-227
-48
-201
-210
-166
-144
-105
-184
-67
-140
-201
-124
-164
-252
-108
-253
-246
-174
-144
-101
-160
-204
-107
-98
-241
-208
-236
-93
-94
-99
-221
-166
-225
6
-8
-8
-57
59
-1
-8
-66
-2
-30
96
-27
30
-16
-88
-18
5
8
-27
4
12
1
-65
17
-78
109
-5
58
-60
-35
8
0
-32
10
-26
6
-139
9
-12
92
0
29
-37
-33
20
-128
-24
-15
-12
-133
-6
-17
48
-90
11
-33
-72
-12
-50
-26
-15
-148
-1
-95
56
-60
38
-103
-65
-37
1
-13
-112
-2
-49
56
26
30
-24
16
-15
50
-60
-15
-41
75
-10
135
-4
-90
-6
-112
-34
-14
45
-28
28
21
-49
8
-67
-192
-85
-179
-21
-193
-167
-143
-16
20
-88
17
17
-55
-17
53
-116
47
-156
-103
-7
54
104
42
44
53
34
-84
-66
-100
52
39
48
-37
-19
-82
-2
-12
-18
79
9
-15
-39
1
-41
98
-28
-3
-15
-117
-7
3
-51
80
16
-4
-63
-15
-43
90
-26
-6
-30
-88
-4
-47
38
9
-8
-53
-7
-65
59
-50
-5
-63
-119
-5
65
-63
2
-131
-12
-135
41
-110
12
-147
-183
-17
77
28
27
61
18
89
84
26
8
-5
56
50
15
4
-66
32
21
59
-46
-117
5
-49
-8
-37
22
9
12
-9
-97
5
-40
-110
-28
-105
-31
-87
-156
-67
-31
67
-65
-6
-43
-121
-10
58
-163
-40
-164
-207
-29
54
50
13
-31
88
-11
-130
-95
-51
-34
-89
22
-162
-78
-131
-14
-53
22
-23
-11
-98
-19
-42
81
-16
-8
-18
-44
-26
-95
-52
2
-22
-43
4
-22
45
-92
4
-97
-116
-13
-17
-32
-24
-93
-27
-142
9
-117
-53
-100
-122
-48
19
-58
-43
19
-57
58
-38
11
-16
-38
-9
18
-25
-1
-64
28
-37
56
-31
-85
-15
-25
-22
-51
47
-35
-25
-35
-43
0
-29
-133
-21
-114
-13
-46
-107
-91
-58
52
-60
6
-39
-48
-14
16
-117
-75
-135
-124
-66
17
36
30
29
71
-23
-129
-73
-114
-16
-35
12
-88
-25
-82
-116
-30
-5
0
-123
-8
-2
68
-43
-38
-70
-104
13
-69
-50
-33
-150
-37
-112
30
-88
-51
-121
-117
-72
16
19
-28
13
-19
85
31
28
-20
27
-10
66
-53
0
-52
75
-34
15
-40
-86
-15
-90
-6
-25
26
17
-41
5
-37
19
-40
-153
-91
-158
-44
-151
-136
-117
-42
72
-64
-13
5
-55
-2
56
-95
-45
-111
-107
-30
40
29
17
34
50
-6
-101
-78
-90
-22
-33
8
-94
-30
-66
-96
-101
-102
-239
-101
-152
-103
-257
-100
-240
-271
-100
-22
-14
-100
-15
-33
-21
-45
-12
-93
-102
10
40
-48
0
-26
-29
-52
47
-44
-140
-7
-73
-9
-21
-13
-50
0
-50
-59
9
-65
-147
-121
-177
-77
-191
-193
-125
18
-13
-116
-13
-82
-118
-7
-36
-131
-44
-176
-173
-16
-75
-8
-80
-61
14
-22
-212
-185
-97
-93
-57
7
-163
-117
-131
-29
-43
-69
-8
-118
-25
-66
-19
-84
-78
-25
42
-70
-33
-122
-35
-81
29
-117
-203
-33
-77
3
-128
-47
-83
-24
-103
-126
-7
-77
-227
-168
-220
-73
-224
-214
-132
-84
-45
-148
-6
-90
-139
-28
-161
-248
-170
-285
-235
-93
-122
-41
-100
-125
-17
-106
-273
-205
-200
-100
-97
-26
-238
-126
-164
77
-35
1
-47
0
-25
60
-37
-87
-26
-17
-7
-37
-2
34
10
-7
-13
1
-31
-127
-85
-92
-28
-109
-73
-94
-22
-4
-77
-2
-15
-78
5
-19
-127
-33
-126
-97
-34
-6
-3
-53
-31
6
-2
-115
-81
-41
-34
-20
5
-55
-42
-63
71
73
36
17
32
98
31
-45
53
-13
-89
-89
-93
40
-95
-144
-48
-30
-26
-90
8
-19
-108
13
-55
-116
27
-124
-176
-69
-13
57
-32
-80
18
25
-119
-147
-60
27
12
68
-154
-58
-123
-9
-98
-76
-90
-44
-85
-61
-55
-15
-26
-54
-19
0
-70
1
-36
-89
-25
-109
-82
-26
-29
-16
-29
-32
25
-28
-82
-90
-48
6
-39
20
-78
-3
-45
-86
-44
-192
-5
-65
-159
-51
-210
-263
-128
-254
-239
-144
-170
-94
-155
-158
-117
-116
-253
-255
-229
-79
-98
-46
-221
-177
-217
-18
-214
-32
-105
-119
-45
-100
-8
-25
-93
11
-43
-169
-163
-137
-5
-49
3
-123
-29
-122
-119
-5
-182
-136
-30
-127
-340
-297
-173
-162
-108
-23
-303
-122
-177
-17
-102
-106
-82
-45
-20
20
-92
-26
-38
-111
-70
-49
-248
-192
-206
-108
-1
-61
-133
