-131
-107
-93
-37
-225
22
-206
-126
-110
-85
-109
-105
-98
-92
-86
-83
-179
-46
-105
-140
-48
-192
-19
-206
-179
-154
-137
-100
-139
-90
-152
-98
-121
-172
-147
-42
2
-129
34
-128
-158
-90
-95
-64
-59
-15
-105
-1
-73
-162
-14
-55
-154
-29
-192
-223
-139
-134
-50
-137
-12
-111
-119
-109
-234
-49
-144
73
-122
-118
-43
-43
-53
-89
8
-77
3
-38
-157
11
4
-221
-198
-203
-158
-119
-140
-56
-192
-137
-172
-211
-127
-107
-9
19
-10
13
11
62
32
90
32
-13
53
-262
-235
-166
-146
-202
-138
-199
-139
-159
-207
-125
-154
-183
-102
-150
-59
-156
-143
-118
-237
-176
-88
-27
-101
-48
-101
8
-91
-135
-53
-43
-112
-82
-97
-81
-69
-140
-34
-53
-9
-55
12
-37
-98
32
-11
-84
-116
-105
-165
0
-23
18
-21
-131
-10
-47
-95
-215
-54
-61
-134
11
-150
-6
-155
-241
-241
-158
-318
-149
-248
-241
-248
-226
-234
-234
-246
-236
-272
-213
-234
-156
-145
-106
-256
-105
-247
-201
-278
-249
-139
-239
-109
-256
-139
-267
-249
-95
-112
-299
-143
-225
-309
-217
-218
-150
-200
-143
-255
-216
-217
-326
-73
-224
-58
-161
-138
-159
-120
-93
-158
-88
-104
-116
-105
-175
-46
-174
-315
-279
-289
-308
-279
-277
-198
-298
-267
-277
-294
-241
-174
-84
-126
-171
-91
-100
-73
-118
-35
-124
-117
-37
-294
-342
-220
-265
-233
-212
-263
-247
-231
-269
-171
-256
-300
-152
-233
-98
-209
-206
-251
-206
-132
-214
-159
-202
-157
-231
-216
-254
-235
-96
-154
-208
-237
-247
-256
-239
-222
-72
-130
-140
-209
-127
-188
-156
-18
-125
-200
-229
-217
-226
-70
-163
-140
-128
-158
-90
-162
-212
-293
-111
-213
-228
-94
-273
-65
-150
-164
-89
-292
-151
-228
-216
-249
-270
-142
-209
-173
-238
-151
-184
-224
-172
-136
-245
-239
-268
-269
-258
-264
-165
-201
-170
-250
-220
-212
-337
-179
-204
-82
-207
-126
-187
-190
-127
-155
-115
-152
-141
-140
-206
-97
-188
-267
-224
-262
-229
-258
-243
-184
-266
-285
-215
-238
-276
-232
-168
-193
-292
-126
-140
-163
-189
-69
-158
-140
-148
-320
-360
-265
-240
-273
-217
-293
-228
-254
-245
-242
-262
-319
-158
-236
-192
-251
-210
-243
-244
-228
-259
-214
-252
-181
-250
-216
-231
-273
-222
-189
-256
-294
-277
-292
-255
-275
-219
-172
-175
-221
-145
-166
-146
-100
-183
-253
-260
-201
-240
-176
-235
-155
-170
-241
-194
-175
-242
-255
-261
-174
-232
-181
-231
-180
-222
-11
-160
-64
-174
-220
-162
-164
-18
-161
-30
-109
-110
-152
-247
-13
-111
17
-127
-92
-111
-93
-6
-121
-10
-54
6
-47
-135
11
-70
-210
-212
-205
-171
-125
-161
-43
-207
-125
-155
-203
-143
-127
-103
-92
-132
-7
-60
-12
-79
60
-88
-69
4
-258
-265
-231
-158
-197
-151
-191
-143
-228
-209
-122
-229
-229
-101
-200
-105
-205
-143
-208
-204
-129
-210
-52
-202
-63
-224
-58
-245
-231
-82
-115
-163
-125
-212
-122
-214
-206
-54
-66
-6
-64
-15
-69
-81
59
-68
-166
-130
-239
-238
-59
-33
-9
-42
-118
-8
-84
-147
-232
-53
-52
-151
13
-176
-44
-138
-152
-79
-163
-205
-148
-163
-43
-148
-41
-108
-65
-104
-228
-35
-157
-243
-254
-218
-206
-141
-215
-96
-237
-193
-212
-370
-156
-230
-172
-140
-233
-61
-152
-64
-121
-62
-175
-231
-88
-336
-259
-237
-175
-238
-173
-241
-220
-231
-285
-185
-250
-362
-109
-277
-148
-249
-278
-285
-345
-206
-228
-93
-229
-76
-272
-172
-222
-340
-103
-114
-249
-187
-270
-265
-214
-321
-125
-83
-32
-95
-100
-106
-176
29
-115
-194
-244
-231
-298
-84
-47
-123
-98
-248
-28
-168
-263
-337
-103
-169
-284
-101
-357
-81
-241
-49
-228
-181
-260
-198
-159
-211
-80
-198
-163
-111
-228
-168
-126
-38
-73
-126
8
-63
-11
-40
45
-45
-71
18
-224
-232
-181
-176
-248
-135
-155
-139
-165
-185
-118
-160
-244
-59
-191
-70
-105
-134
-117
-202
-108
-195
-98
-191
-62
-189
-85
-172
-176
-70
-41
-183
-126
-151
-130
-152
-181
-48
-100
-18
-28
-34
-31
-88
28
-117
-155
-139
-147
-237
-57
-29
-5
8
-149
6
-35
-89
-170
-1
-32
-147
6
-184
-16
-132
-174
-91
-87
-146
-53
-81
-40
-103
-20
-106
-93
-73
-317
-342
-221
-248
-239
-177
-242
-218
-195
-217
-237
-226
-241
-141
-212
-91
-243
-221
-207
-192
-223
-201
-198
-206
-94
-225
-190
-214
-229
-199
-143
-212
-153
-226
-186
-215
-214
-159
-148
-74
-155
-117
-101
-141
-95
-97
-214
-200
-194
-219
-168
-146
-72
-80
-111
-93
-151
-239
-223
-191
-164
-226
-151
-188
-159
-228
-216
-189
-202
-137
-170
-128
-195
-68
-175
-130
-139
-90
-220
-10
-59
-47
-86
-62
-96
-107
-104
-166
-12
-79
-2
-96
13
-98
-82
-4
-62
-163
-138
-228
-59
-173
-150
-52
-13
-30
-34
31
-62
-33
89
-29
-101
-24
-98
-100
10
-29
57
-47
-92
-1
26
-96
-99
-46
42
-37
78
-89
10
-39
-357
-393
-241
-282
-190
-317
-279
-311
-317
-303
-278
-223
-287
-185
-317
-190
-325
-252
-210
-194
-234
-247
-208
-241
-205
-223
-185
-187
-156
-182
-148
-196
-184
-104
-175
-222
-249
-215
-246
-178
-169
-120
-173
-187
-174
-165
-235
-201
-169
-180
-232
-154
-218
-172
-207
-287
-96
-208
-81
-230
-157
-247
-229
-123
-147
-289
-222
-287
-290
-284
-276
-187
-89
-29
-105
-81
-77
-95
-29
-88
-211
-242
-239
-202
-164
-109
-77
-60
-156
-53
-170
-220
-225
-185
-151
-212
-151
-210
-108
-237
-76
-213
-153
-251
-106
-233
-217
-120
-95
-4
-103
8
-143
-108
36
-105
-216
-156
-228
-203
-106
-84
10
-80
-116
-16
-92
-232
-226
-134
-91
-175
-13
-233
-104
-105
-111
-107
-79
-109
-70
-89
53
-162
-214
-227
-212
-224
-93
-192
-145
-134
-211
-106
-155
-217
-206
-107
-155
-237
-53
-209
-74
-132
-35
-100
-103
-112
-107
36
-16
-10
-35
-77
28
-33
-94
-125
19
-37
-118
25
-113
29
-53
-72
-101
-81
-144
-35
-146
-187
-219
-90
-171
-228
-71
-213
-79
-158
-20
-75
-139
13
-3
-135
0
-144
-15
-99
-96
-178
-40
-211
-92
-153
-197
-21
-122
-137
