17
47
43
9
26
8
-124
65
19
0
-102
-69
-108
25
17
58
57
-13
-117
15
0
-13
-120
-132
-127
35
28
35
12
-51
128
34
22
-47
-66
-57
49
81
-29
-123
38
29
7
-120
-49
-45
63
-65
-136
2
15
38
-122
-76
-80
-45
-53
1
0
-25
-117
-62
-51
-156
-24
-26
-24
-73
-79
-167
-101
-127
-146
-195
-206
-220
17
19
-97
-22
-99
-2
-94
-100
-125
-99
-95
-206
-189
-182
-195
-13
-3
33
12
-34
-116
47
-13
-29
-187
-59
-142
15
-27
28
5
-107
120
-13
-42
-50
-44
-107
-19
78
-43
-124
72
-49
13
-129
-15
-89
62
-40
-148
56
-5
-55
-139
-16
-74
-32
-45
55
3
-49
-117
1
-76
-134
32
-20
-51
-77
-42
-217
-75
-123
-164
-219
-165
-237
57
50
-53
38
-61
-40
-134
-56
-152
-166
-80
-232
-129
-190
-132
4
53
9
6
-97
81
6
-76
-82
-93
-102
64
53
-25
-128
25
3
6
-140
-56
-87
110
75
-87
52
66
36
-97
-35
-38
7
-46
0
17
-120
-146
-43
-77
-163
-19
17
-47
-98
-81
-167
-108
-126
-164
-236
-240
-236
-11
-5
-149
-61
-120
-37
-127
-141
-133
-123
-154
-262
-214
-227
-209
-17
68
-38
-105
108
15
-52
-97
-53
-51
69
-3
-71
82
-12
-18
-73
-21
0
22
7
102
17
-97
-43
-46
-40
-116
102
18
-11
0
3
-70
-5
-57
-88
-109
-108
-123
104
87
-13
54
-10
-14
-51
-67
-70
-82
-76
-195
-73
-106
-119
119
-82
-185
42
-22
-22
-129
-43
-1
50
-31
62
49
-9
-32
19
49
-191
-14
-25
-49
-134
-58
-144
-89
-134
-143
-189
-147
-182
39
33
-106
4
-58
-12
-99
-41
-87
-183
-64
-133
-129
-119
-110
32
-15
38
66
-33
-55
34
21
-160
-34
-5
-40
-81
-39
-91
-138
-127
-172
-206
-175
-207
-13
-22
-131
-48
-109
-46
-115
-83
-69
-160
-78
-202
-147
-132
-111
-100
-28
19
-66
-90
7
-90
-48
-75
-151
-168
-119
-117
2
-58
-131
-15
-77
-92
-122
-67
-73
-215
-134
-215
-152
-119
-122
-167
-203
-155
-183
-185
-258
-22
-18
-83
-15
-163
-39
-87
-84
-141
-109
-71
-229
-116
-192
-188
-154
-89
-224
-135
-229
-114
-199
-227
-233
-216
-227
-291
-240
-246
-235
15
-117
-78
-117
-139
-54
-227
-142
-233
-168
-155
-117
-215
-175
-198
-236
-206
-342
-234
-226
